0 0.499609375 0.6152777777777778 0.99921875 0.7666666666666667
0 0.716015625 0.48680555555555555 0.0359375 0.034722222222222224
0 0.330078125 0.59375 0.11640625 0.10416666666666667
0 0.45 0.9770833333333333 0.0265625 0.03888888888888889
0 0.559375 0.5638888888888889 0.04375 0.11388888888888889
0 0.41328125 0.8368055555555556 0.04375 0.075
0 0.6359375 0.4979166666666667 0.03125 0.03333333333333333
0 0.519140625 0.6847222222222222 0.0234375 0.04027777777777778
0 0.966015625 0.7493055555555556 0.06640625 0.0875
0 0.198828125 0.6444444444444445 0.09609375 0.05
0 0.7703125 0.5368055555555555 0.0328125 0.02638888888888889
0 0.499609375 0.18263888888888888 0.99921875 0.36527777777777776
0 0.461328125 0.5590277777777778 0.03359375 0.013888888888888888
0 0.805078125 0.5006944444444444 0.04921875 0.02361111111111111
