0 0.499609375 0.4534722222222222 0.99921875 0.9041666666666667
0 0.118359375 0.575 0.06484375 0.034722222222222224
0 0.15703125 0.05694444444444444 0.0859375 0.059722222222222225
0 0.622265625 0.575 0.159375 0.09027777777777778
0 0.308203125 0.5597222222222222 0.20703125 0.18333333333333332
0 0.694921875 0.6861111111111111 0.53359375 0.23194444444444445
0 0.285546875 0.2881944444444444 0.0515625 0.043055555555555555
0 0.5234375 0.14166666666666666 0.0625 0.10416666666666667
0 0.176171875 0.46458333333333335 0.0625 0.044444444444444446
0 0.9015625 0.06180555555555556 0.078125 0.06944444444444445
0 0.316796875 0.18125 0.11640625 0.14305555555555555
0 0.5 0.8631944444444445 1 0.2708333333333333
0 0.4796875 0.03263888888888889 0.04296875 0.04583333333333333
0 0.152734375 0.3854166666666667 0.04453125 0.05138888888888889
0 0.2078125 0.14027777777777778 0.046875 0.041666666666666664
0 0.59765625 0.13055555555555556 0.08203125 0.12222222222222222
0 0.0921875 0.46111111111111114 0.0421875 0.044444444444444446
0 0.034375 0.24583333333333332 0.04921875 0.09305555555555556
0 0.811328125 0.2875 0.11484375 0.09583333333333334
0 0.439453125 0.3347222222222222 0.08046875 0.12777777777777777
0 0.44453125 0.4979166666666667 0.26015625 0.12638888888888888
