0 0.5 0.6173611111111111 0.9984375 0.7652777777777777
0 0.224609375 0.8201388888888889 0.0234375 0.06666666666666667
0 0.338671875 0.6319444444444444 0.0296875 0.03611111111111111
0 0.057421875 0.3548611111111111 0.11328125 0.029166666666666667
0 0.13203125 0.2923611111111111 0.11640625 0.08194444444444444
0 0.936328125 0.3277777777777778 0.12109375 0.13472222222222222
0 0.22578125 0.36319444444444443 0.234375 0.125
0 0.6765625 0.30416666666666664 0.0734375 0.05555555555555555
0 0.497265625 0.30694444444444446 0.103125 0.1111111111111111
0 0.6203125 0.6104166666666667 0.0546875 0.04722222222222222
0 0.9734375 0.5590277777777778 0.03671875 0.044444444444444446
0 0.825 0.5854166666666667 0.04921875 0.07083333333333333
0 0.47890625 0.5263888888888889 0.1140625 0.05138888888888889
0 0.9328125 0.7659722222222223 0.1328125 0.09861111111111111
0 0.5 0.12708333333333333 0.9984375 0.25416666666666665
0 0.780859375 0.6090277777777777 0.0453125 0.06944444444444445
0 0.6578125 0.5305555555555556 0.23515625 0.15138888888888888
