0 0.5 0.44722222222222224 0.9984375 0.8916666666666667
0 0.887890625 0.44930555555555557 0.075 0.043055555555555555
0 0.040234375 0.31666666666666665 0.0640625 0.12083333333333333
0 0.4125 0.29444444444444445 0.05859375 0.08194444444444444
0 0.695703125 0.10486111111111111 0.1640625 0.1986111111111111
0 0.24140625 0.4326388888888889 0.115625 0.15138888888888888
0 0.0765625 0.5569444444444445 0.15 0.13194444444444445
0 0.598828125 0.5444444444444444 0.1109375 0.07916666666666666
0 0.669921875 0.38472222222222224 0.04296875 0.03888888888888889
0 0.5671875 0.4270833333333333 0.04453125 0.06388888888888888
0 0.491015625 0.55625 0.06796875 0.08194444444444444
0 0.50546875 0.21944444444444444 0.025 0.022222222222222223
0 0.5 0.8638888888888889 0.9984375 0.26944444444444443
0 0.79296875 0.4527777777777778 0.02578125 0.030555555555555555
0 0.4859375 0.6472222222222223 0.03046875 0.03194444444444444
0 0.54375 0.4222222222222222 0.06015625 0.09166666666666666
