0 0.499609375 0.38333333333333336 0.99921875 0.7638888888888888
0 0.775390625 0.1798611111111111 0.0234375 0.06666666666666667
0 0.661328125 0.3680555555555556 0.0296875 0.03611111111111111
0 0.942578125 0.6451388888888889 0.11328125 0.029166666666666667
0 0.86796875 0.7076388888888889 0.11640625 0.08194444444444444
0 0.063671875 0.6722222222222223 0.12109375 0.13472222222222222
0 0.77421875 0.6368055555555555 0.234375 0.125
0 0.3234375 0.6958333333333333 0.0734375 0.05555555555555555
0 0.502734375 0.6930555555555555 0.103125 0.1111111111111111
0 0.3796875 0.38958333333333334 0.0546875 0.04722222222222222
0 0.0265625 0.4409722222222222 0.03671875 0.044444444444444446
0 0.175 0.41458333333333336 0.04921875 0.07083333333333333
0 0.52109375 0.4736111111111111 0.1140625 0.05138888888888889
0 0.066796875 0.23402777777777778 0.13359375 0.09722222222222222
0 0.5 0.8729166666666667 1 0.2513888888888889
0 0.219140625 0.3909722222222222 0.0453125 0.06944444444444445
0 0.3421875 0.46944444444444444 0.23515625 0.15138888888888888
