0 0.499609375 0.6298611111111111 0.99921875 0.7375
0 0.46015625 0.36944444444444446 0.0375 0.013888888888888888
0 0.141015625 0.5701388888888889 0.03671875 0.02638888888888889
0 0.8765625 0.7166666666666667 0.1546875 0.05416666666666667
0 0.1390625 0.45694444444444443 0.01328125 0.020833333333333332
0 0.145703125 0.5131944444444444 0.04609375 0.016666666666666666
0 0.559765625 0.9402777777777778 0.08046875 0.11666666666666667
0 0.356640625 0.8729166666666667 0.0390625 0.027777777777777776
0 0.7484375 0.30486111111111114 0.00625 0.0125
0 0.07421875 0.9597222222222223 0.1484375 0.07777777777777778
0 0.499609375 0.18888888888888888 0.99921875 0.37777777777777777
0 0.146875 0.39791666666666664 0.00546875 0.015277777777777777
0 0.98828125 0.35138888888888886 0.021875 0.019444444444444445
0 0.686328125 0.3576388888888889 0.01484375 0.016666666666666666
