0 0.5 0.6 0.9984375 0.8
0 0.659375 0.46458333333333335 0.0671875 0.0375
0 0.71796875 0.8277777777777777 0.0765625 0.08472222222222223
0 0.13203125 0.675 0.09453125 0.05555555555555555
0 0.73984375 0.9729166666666667 0.1890625 0.05138888888888889
0 0.376953125 0.8611111111111112 0.05234375 0.275
0 0.365234375 0.4979166666666667 0.01953125 0.027777777777777776
0 0.27421875 0.6930555555555555 0.05546875 0.059722222222222225
0 0.27890625 0.2611111111111111 0.01875 0.015277777777777777
0 0.276953125 0.3541666666666667 0.02421875 0.025
0 0.5 0.1763888888888889 0.9984375 0.3527777777777778
0 0.096484375 0.46319444444444446 0.02734375 0.019444444444444445
0 0.29609375 0.9034722222222222 0.0296875 0.04027777777777778
0 0.391015625 0.5652777777777778 0.0203125 0.016666666666666666
0 0.5265625 0.8340277777777778 0.04765625 0.022222222222222223
0 0.21796875 0.6881944444444444 0.04921875 0.034722222222222224
0 0.062109375 0.80625 0.04921875 0.058333333333333334
0 0.03671875 0.7104166666666667 0.071875 0.04583333333333333
