0 0.499609375 0.5479166666666667 0.99921875 0.9013888888888889
0 0.933203125 0.8166666666666667 0.08046875 0.05694444444444444
0 0.669140625 0.9583333333333334 0.028125 0.05277777777777778
0 0.327734375 0.6868055555555556 0.025 0.0375
0 0.2953125 0.8208333333333333 0.02578125 0.058333333333333334
0 0.4609375 0.6159722222222223 0.05625 0.04583333333333333
0 0.29140625 0.7611111111111111 0.025 0.04861111111111111
0 0.565234375 0.3263888888888889 0.0359375 0.04722222222222222
0 0.849609375 0.16597222222222222 0.02265625 0.027777777777777776
0 0.48203125 0.3875 0.053125 0.10138888888888889
0 0.646484375 0.32430555555555557 0.0390625 0.034722222222222224
0 0.47734375 0.8534722222222222 0.02421875 0.05277777777777778
0 0.426953125 0.475 0.02265625 0.034722222222222224
0 0.16328125 0.8402777777777778 0.06875 0.04027777777777778
0 0.31015625 0.5861111111111111 0.0484375 0.06944444444444445
0 0.259375 0.4284722222222222 0.10625 0.04722222222222222
0 0.499609375 0.1125 0.99921875 0.225
0 0.68359375 0.3611111111111111 0.03828125 0.03611111111111111
0 0.72109375 0.32708333333333334 0.046875 0.04722222222222222
0 0.829296875 0.5166666666666667 0.1046875 0.0763888888888889
