0 0.500390625 0.5 0.99921875 0.9972222222222222
0 0.452734375 0.05138888888888889 0.12421875 0.1
0 0.396875 0.8131944444444444 0.0515625 0.0625
0 0.247265625 0.91875 0.16640625 0.09583333333333334
0 0.9046875 0.21805555555555556 0.07265625 0.07361111111111111
0 0.144921875 0.5 0.1265625 0.06666666666666667
0 0.346875 0.5361111111111111 0.0671875 0.0375
0 0.4609375 0.3263888888888889 0.05703125 0.05416666666666667
0 0.03203125 0.20833333333333334 0.06015625 0.07361111111111111
0 0.382421875 0.2972222222222222 0.08125 0.1375
0 0.609765625 0.5458333333333333 0.04765625 0.07361111111111111
0 0.081640625 0.91875 0.134375 0.09583333333333334
0 0.151171875 0.5854166666666667 0.11796875 0.06666666666666667
0 0.8375 0.3277777777777778 0.053125 0.05416666666666667
0 0.742578125 0.49930555555555556 0.0671875 0.05694444444444444
0 0.528125 0.6979166666666666 0.11640625 0.08194444444444444
0 0.460546875 0.4840277777777778 0.0890625 0.05277777777777778
0 0.523046875 0.17708333333333334 0.04140625 0.05
0 0.4703125 0.28541666666666665 0.08671875 0.059722222222222225
0 0.946875 0.6972222222222222 0.046875 0.0375
0 0.88515625 0.6166666666666667 0.0359375 0.06388888888888888
0 0.36953125 0.7534722222222222 0.0515625 0.04027777777777778
0 0.4875 0.8777777777777778 0.0375 0.029166666666666667
0 0.438671875 0.7375 0.03359375 0.02638888888888889
0 0.426171875 0.5673611111111111 0.053125 0.030555555555555555
0 0.851953125 0.6923611111111111 0.0609375 0.044444444444444446
0 0.56171875 0.3680555555555556 0.0796875 0.11388888888888889
0 0.620703125 0.7340277777777777 0.1703125 0.12222222222222222
0 0.494140625 0.7548611111111111 0.078125 0.07361111111111111
