0 0.499609375 0.34375 0.99921875 0.6847222222222222
0 0.50234375 0.4236111111111111 0.04765625 0.044444444444444446
0 0.801953125 0.3138888888888889 0.15 0.05
0 0.128125 0.7631944444444444 0.02109375 0.04722222222222222
0 0.337890625 0.18263888888888888 0.07421875 0.0625
0 0.5828125 0.5069444444444444 0.02578125 0.011111111111111112
0 0.898046875 0.26944444444444443 0.115625 0.12916666666666668
0 0.30390625 0.38680555555555557 0.0390625 0.04583333333333333
0 0.465625 0.2652777777777778 0.15546875 0.08472222222222223
0 0.5 0.6715277777777777 1 0.6541666666666667
0 0.61640625 0.47430555555555554 0.05078125 0.0375
