0 0.5 0.47847222222222224 0.9984375 0.9541666666666667
0 0.34140625 0.7347222222222223 0.0390625 0.022222222222222223
0 0.499609375 0.6680555555555555 0.04609375 0.09166666666666666
0 0.257421875 0.11527777777777778 0.02109375 0.041666666666666664
0 0.723828125 0.6263888888888889 0.1015625 0.04722222222222222
0 0.78203125 0.22013888888888888 0.06328125 0.0375
0 0.548828125 0.5847222222222223 0.01953125 0.027777777777777776
0 0.023828125 0.25833333333333336 0.04609375 0.041666666666666664
0 0.133984375 0.5430555555555555 0.08359375 0.08472222222222223
0 0.5 0.9048611111111111 0.9984375 0.1875
0 0.301953125 0.6979166666666666 0.03515625 0.043055555555555555
0 0.26875 0.7277777777777777 0.046875 0.03194444444444444
