0 0.5 0.6215277777777778 0.9984375 0.7569444444444444
0 0.71796875 0.6590277777777778 0.01875 0.025
0 0.026171875 0.5506944444444445 0.015625 0.020833333333333332
0 0.770703125 0.5090277777777777 0.0203125 0.027777777777777776
0 0.85 0.8013888888888889 0.09765625 0.10277777777777777
0 0.361328125 0.6201388888888889 0.06640625 0.04861111111111111
0 0.941796875 0.36736111111111114 0.028125 0.022222222222222223
0 0.775390625 0.6388888888888888 0.01796875 0.02638888888888889
0 0.440234375 0.28888888888888886 0.0640625 0.06111111111111111
0 0.073046875 0.3506944444444444 0.14453125 0.0763888888888889
0 0.2953125 0.3076388888888889 0.0734375 0.09305555555555556
0 0.628515625 0.3020833333333333 0.07109375 0.09444444444444444
0 0.021875 0.29583333333333334 0.0421875 0.06944444444444445
0 0.36484375 0.7395833333333334 0.0359375 0.043055555555555555
0 0.262890625 0.49375 0.13046875 0.10555555555555556
0 0.377734375 0.5173611111111112 0.03359375 0.034722222222222224
0 0.373828125 0.4756944444444444 0.06015625 0.03611111111111111
0 0.5 0.12986111111111112 0.9984375 0.25972222222222224
0 0.51796875 0.5194444444444445 0.03515625 0.03611111111111111
0 0.640625 0.6125 0.021875 0.0375
