0 0.5 0.5 1 0.9972222222222222
0 0.616796875 0.8534722222222222 0.0390625 0.06944444444444445
0 0.53203125 0.8847222222222222 0.08203125 0.030555555555555555
0 0.9265625 0.9076388888888889 0.07265625 0.0763888888888889
0 0.961328125 0.7770833333333333 0.05 0.08611111111111111
0 0.638671875 0.89375 0.08125 0.06388888888888888
0 0.758984375 0.8805555555555555 0.02265625 0.05138888888888889
0 0.175 0.9597222222222223 0.0375 0.03888888888888889
0 0.84375 0.6402777777777777 0.0171875 0.04861111111111111
0 0.77421875 0.7944444444444444 0.01484375 0.022222222222222223
0 0.694140625 0.5222222222222223 0.03828125 0.10694444444444444
0 0.482421875 0.09444444444444444 0.125 0.12777777777777777
0 0.302734375 0.9659722222222222 0.03828125 0.043055555555555555
