0 0.499609375 0.5722222222222222 0.99921875 0.8527777777777777
0 0.34375 0.40347222222222223 0.08359375 0.07361111111111111
0 0.019921875 0.6298611111111111 0.0375 0.03611111111111111
0 0.90703125 0.5888888888888889 0.1015625 0.10694444444444444
0 0.4046875 0.9048611111111111 0.0515625 0.08194444444444444
0 0.12109375 0.44722222222222224 0.1734375 0.16527777777777777
0 0.633203125 0.9 0.0671875 0.02361111111111111
0 0.671875 0.46319444444444446 0.32421875 0.3736111111111111
0 0.5046875 0.4847222222222222 0.04453125 0.03333333333333333
0 0.125 0.6111111111111112 0.03828125 0.027777777777777776
0 0.905078125 0.9180555555555555 0.1796875 0.14166666666666666
0 0.259375 0.7083333333333334 0.0265625 0.0375
0 0.98125 0.5493055555555556 0.03359375 0.06388888888888888
0 0.122265625 0.9715277777777778 0.11484375 0.05416666666666667
0 0.673828125 0.64375 0.0328125 0.029166666666666667
0 0.080859375 0.9368055555555556 0.05703125 0.05416666666666667
0 0.082421875 0.8 0.08515625 0.08611111111111111
0 0.565625 0.6979166666666666 0.03984375 0.04861111111111111
0 0.499609375 0.2548611111111111 0.99921875 0.5097222222222222
0 0.231640625 0.5666666666666667 0.0484375 0.075
0 0.33671875 0.6458333333333334 0.05 0.06388888888888888
0 0.755078125 0.9652777777777778 0.09140625 0.06666666666666667
0 0.01171875 0.5708333333333333 0.0234375 0.034722222222222224
0 0.5796875 0.9486111111111111 0.06328125 0.09722222222222222
0 0.5609375 0.8534722222222222 0.04921875 0.09027777777777778
0 0.94765625 0.8104166666666667 0.0609375 0.06388888888888888
0 0.85703125 0.8243055555555555 0.06640625 0.059722222222222225
0 0.14140625 0.8243055555555555 0.059375 0.06805555555555555
0 0.041015625 0.98125 0.05234375 0.03333333333333333
0 0.2203125 0.475 0.1890625 0.08472222222222223
