0 0.5 0.3 0.9984375 0.5972222222222222
0 0.681640625 0.29097222222222224 0.0640625 0.07361111111111111
0 0.641796875 0.18611111111111112 0.11328125 0.06666666666666667
0 0.191796875 0.31805555555555554 0.14609375 0.05694444444444444
0 0.49765625 0.41180555555555554 0.0421875 0.025
0 0.8796875 0.7722222222222223 0.0140625 0.05555555555555555
0 0.092578125 0.2569444444444444 0.1203125 0.13055555555555556
0 0.380078125 0.4756944444444444 0.0453125 0.0375
0 0.5 0.6819444444444445 0.9984375 0.6333333333333333
0 0.70546875 0.38263888888888886 0.0578125 0.05277777777777778
0 0.41484375 0.5076388888888889 0.03359375 0.02638888888888889
