0 0.5 0.5527777777777778 0.9984375 0.8944444444444445
0 0.90546875 0.2833333333333333 0.178125 0.19722222222222222
0 0.833984375 0.9777777777777777 0.03359375 0.04027777777777778
0 0.903125 0.8131944444444444 0.03515625 0.03611111111111111
0 0.791015625 0.17847222222222223 0.034375 0.1125
0 0.2140625 0.6916666666666667 0.07421875 0.05555555555555555
0 0.78828125 0.5930555555555556 0.1171875 0.08611111111111111
0 0.5 0.3229166666666667 0.9984375 0.6458333333333334
0 0.719140625 0.49930555555555556 0.040625 0.05138888888888889
0 0.882421875 0.5652777777777778 0.03828125 0.02638888888888889
0 0.6515625 0.5097222222222222 0.09921875 0.03888888888888889
0 0.830078125 0.36875 0.06640625 0.06388888888888888
0 0.671875 0.27708333333333335 0.06796875 0.058333333333333334
