0 0.061328125 0.9854166666666667 0.12109375 0.02638888888888889
0 0.5 0.6208333333333333 0.9984375 0.7583333333333333
0 0.05703125 0.33611111111111114 0.1125 0.1111111111111111
0 0.141015625 0.4423611111111111 0.28046875 0.12916666666666668
0 0.490625 0.3701388888888889 0.1078125 0.10972222222222222
0 0.715234375 0.36666666666666664 0.08828125 0.08472222222222223
0 0.05234375 0.3145833333333333 0.075 0.06527777777777778
0 0.483203125 0.3145833333333333 0.06171875 0.0625
0 0.5 0.14375 0.9984375 0.2875
0 0.626953125 0.8895833333333333 0.53046875 0.21805555555555556
0 0.940234375 0.8743055555555556 0.09453125 0.06388888888888888
