0 0.5 0.46597222222222223 0.9984375 0.9291666666666667
0 0.494921875 0.7854166666666667 0.13046875 0.08055555555555556
0 0.44140625 0.49583333333333335 0.0984375 0.07222222222222222
0 0.825 0.3472222222222222 0.04453125 0.08472222222222223
0 0.685546875 0.8284722222222223 0.62734375 0.20416666666666666
0 0.69765625 0.07777777777777778 0.0640625 0.1527777777777778
0 0.12265625 0.43333333333333335 0.0359375 0.04722222222222222
0 0.419140625 0.3020833333333333 0.09453125 0.10833333333333334
0 0.29921875 0.4479166666666667 0.0390625 0.04583333333333333
0 0.870703125 0.21388888888888888 0.07109375 0.04583333333333333
0 0.92265625 0.46041666666666664 0.0359375 0.07222222222222222
0 0.3703125 0.6090277777777777 0.04453125 0.029166666666666667
0 0.708984375 0.3770833333333333 0.078125 0.075
0 0.4375 0.84375 0.059375 0.03611111111111111
0 0.6359375 0.6833333333333333 0.04765625 0.041666666666666664
0 0.920703125 0.23125 0.078125 0.09166666666666666
0 0.028125 0.5229166666666667 0.04453125 0.044444444444444446
0 0.5 0.8555555555555555 0.9984375 0.2861111111111111
0 0.896484375 0.08888888888888889 0.15078125 0.175
0 0.3109375 0.5583333333333333 0.0671875 0.041666666666666664
0 0.647265625 0.5118055555555555 0.0875 0.06666666666666667
0 0.234765625 0.6520833333333333 0.04375 0.02638888888888889
0 0.391015625 0.39375 0.06015625 0.0625
0 0.12421875 0.5986111111111111 0.0453125 0.0375
0 0.5859375 0.041666666666666664 0.0421875 0.06666666666666667
0 0.108203125 0.18472222222222223 0.0859375 0.06666666666666667
0 0.9640625 0.3854166666666667 0.0328125 0.04722222222222222
0 0.871875 0.3548611111111111 0.0359375 0.044444444444444446
0 0.588671875 0.37569444444444444 0.05703125 0.07222222222222222
0 0.234765625 0.45902777777777776 0.04609375 0.09444444444444444
0 0.78359375 0.3236111111111111 0.05625 0.08194444444444444
0 0.8890625 0.46875 0.03828125 0.09305555555555556
0 0.691796875 0.24305555555555555 0.06484375 0.10833333333333334
0 0.077734375 0.6340277777777777 0.04765625 0.027777777777777776
0 0.656640625 0.3638888888888889 0.05625 0.03888888888888889
0 0.59765625 0.7701388888888889 0.0359375 0.04583333333333333
0 0.6359375 0.43125 0.05078125 0.06527777777777778
0 0.290234375 0.2902777777777778 0.08828125 0.041666666666666664
0 0.57265625 0.6729166666666667 0.07421875 0.07361111111111111
0 0.579296875 0.24097222222222223 0.10546875 0.1388888888888889
