0 0.499609375 0.6388888888888888 0.99921875 0.7194444444444444
0 0.909375 0.47291666666666665 0.0375 0.013888888888888888
0 0.34453125 0.39305555555555555 0.0546875 0.0375
0 0.355078125 0.5923611111111111 0.09453125 0.07777777777777778
0 0.50859375 0.3951388888888889 0.0390625 0.02638888888888889
0 0.597265625 0.4 0.03515625 0.015277777777777777
0 0.75078125 0.9618055555555556 0.0640625 0.07083333333333333
0 0.642578125 0.8986111111111111 0.05390625 0.05
0 0.499609375 0.21736111111111112 0.99921875 0.43472222222222223
0 0.52109375 0.5152777777777777 0.01953125 0.02638888888888889
0 0.1671875 0.35694444444444445 0.0234375 0.013888888888888888
0 0.744140625 0.41597222222222224 0.04375 0.019444444444444445
0 0.488671875 0.7513888888888889 0.03046875 0.03888888888888889
0 0.07578125 0.3159722222222222 0.01484375 0.008333333333333333
0 0.046875 0.4013888888888889 0.0203125 0.020833333333333332
0 0.62421875 0.5034722222222222 0.0203125 0.019444444444444445
