0 0.5 0.5277777777777778 0.9984375 0.9444444444444444
0 0.50625 0.6875 0.06953125 0.07222222222222222
0 0.2859375 0.5756944444444444 0.16171875 0.09027777777777778
0 0.616796875 0.19027777777777777 0.13515625 0.041666666666666664
0 0.7875 0.7791666666666667 0.040625 0.04583333333333333
0 0.795703125 0.8416666666666667 0.08125 0.05555555555555555
0 0.730078125 0.4861111111111111 0.1640625 0.09583333333333334
0 0.250390625 0.4270833333333333 0.08359375 0.04583333333333333
0 0.38359375 0.41805555555555557 0.1578125 0.03888888888888889
0 0.69765625 0.7680555555555556 0.1015625 0.14722222222222223
0 0.430078125 0.5597222222222222 0.084375 0.08472222222222223
0 0.721875 0.7770833333333333 0.0625 0.08055555555555556
0 0.581640625 0.7277777777777777 0.06484375 0.09305555555555556
0 0.712890625 0.9041666666666667 0.10546875 0.12083333333333333
0 0.5 0.10208333333333333 0.9984375 0.20416666666666666
0 0.232421875 0.5826388888888889 0.0625 0.03611111111111111
0 0.634765625 0.7479166666666667 0.03984375 0.0375
0 0.55078125 0.6791666666666667 0.05 0.08333333333333333
