0 0.5 0.5 1 0.9972222222222222
0 0.553125 0.59375 0.06171875 0.1375
0 0.648828125 0.6770833333333334 0.04140625 0.041666666666666664
0 0.2953125 0.5368055555555555 0.12265625 0.05
0 0.73828125 0.6854166666666667 0.0484375 0.041666666666666664
0 0.5515625 0.19375 0.06015625 0.08194444444444444
0 0.34453125 0.2659722222222222 0.0515625 0.09861111111111111
0 0.23984375 0.24444444444444444 0.06953125 0.0625
0 0.368359375 0.06666666666666667 0.03359375 0.041666666666666664
0 0.158984375 0.5069444444444444 0.1078125 0.04583333333333333
0 0.9703125 0.32569444444444445 0.0578125 0.0625
0 0.48984375 0.4465277777777778 0.02265625 0.0375
0 0.453125 0.6048611111111111 0.03359375 0.016666666666666666
0 0.79296875 0.6236111111111111 0.03671875 0.03333333333333333
0 0.475 0.9284722222222223 0.95 0.14027777777777778
0 0.837890625 0.6611111111111111 0.06171875 0.034722222222222224
