0 0.499609375 0.6208333333333333 0.99921875 0.7555555555555555
0 0.71875 0.45069444444444445 0.02265625 0.015277777777777777
0 0.041796875 0.3680555555555556 0.0359375 0.03194444444444444
0 0.89375 0.4361111111111111 0.0375 0.022222222222222223
0 0.18046875 0.5611111111111111 0.0171875 0.029166666666666667
0 0.763671875 0.9819444444444444 0.078125 0.034722222222222224
0 0.918359375 0.49027777777777776 0.0359375 0.019444444444444445
0 0.36640625 0.6159722222222223 0.109375 0.08055555555555556
0 0.279296875 0.3347222222222222 0.05390625 0.019444444444444445
0 0.73828125 0.4652777777777778 0.03125 0.020833333333333332
0 0.168359375 0.3638888888888889 0.06640625 0.08472222222222223
0 0.530078125 0.5319444444444444 0.02890625 0.03333333333333333
0 0.6609375 0.9395833333333333 0.075 0.0625
0 0.358984375 0.40208333333333335 0.04921875 0.041666666666666664
0 0.55859375 0.49027777777777776 0.021875 0.0375
0 0.499609375 0.2152777777777778 0.99921875 0.4305555555555556
0 0.63359375 0.5208333333333334 0.0234375 0.027777777777777776
0 0.7515625 0.42916666666666664 0.040625 0.019444444444444445
0 0.0828125 0.31875 0.0203125 0.03194444444444444
0 0.505078125 0.7819444444444444 0.03515625 0.04861111111111111
0 0.6859375 0.5270833333333333 0.025 0.020833333333333332
