0 0.5 0.5 1 0.9972222222222222
0 0.853515625 0.7576388888888889 0.02578125 0.04722222222222222
0 0.7890625 0.7368055555555556 0.1171875 0.19305555555555556
0 0.260546875 0.12291666666666666 0.0625 0.059722222222222225
0 0.119921875 0.9152777777777777 0.0140625 0.034722222222222224
0 0.587890625 0.6236111111111111 0.028125 0.0763888888888889
0 0.10625 0.5680555555555555 0.04140625 0.09027777777777778
0 0.49921875 0.7555555555555555 0.0390625 0.0375
0 0.873046875 0.8194444444444444 0.0625 0.04722222222222222
0 0.813671875 0.9013888888888889 0.0796875 0.07916666666666666
