0 0.499609375 0.4625 0.99921875 0.9222222222222223
0 0.197265625 0.7708333333333334 0.03203125 0.022222222222222223
0 0.816796875 0.5611111111111111 0.05 0.10972222222222222
0 0.577734375 0.5888888888888889 0.053125 0.03194444444444444
0 0.597265625 0.7458333333333333 0.06015625 0.018055555555555554
0 0.590625 0.5368055555555555 0.07109375 0.030555555555555555
0 0.6828125 0.1673611111111111 0.02109375 0.0375
0 0.709765625 0.5763888888888888 0.0375 0.025
0 0.652734375 0.06180555555555556 0.02734375 0.041666666666666664
0 0.635546875 0.68125 0.021875 0.018055555555555554
0 0.651953125 0.3215277777777778 0.05390625 0.07222222222222222
0 0.985546875 0.6222222222222222 0.02734375 0.027777777777777776
0 0.51875 0.7840277777777778 0.01015625 0.011111111111111112
0 0.76953125 0.44583333333333336 0.03046875 0.02638888888888889
0 0.903125 0.61875 0.0359375 0.03333333333333333
0 0.951171875 0.6173611111111111 0.02578125 0.022222222222222223
0 0.5 0.8902777777777777 1 0.21666666666666667
0 0.8765625 0.5388888888888889 0.02265625 0.020833333333333332
0 0.710546875 0.5770833333333333 0.040625 0.019444444444444445
0 0.451171875 0.5215277777777778 0.09921875 0.03888888888888889
0 0.2125 0.5097222222222222 0.05234375 0.05138888888888889
