0 0.499609375 0.41944444444444445 0.99921875 0.8388888888888889
0 0.41640625 0.6972222222222222 0.0484375 0.034722222222222224
0 0.53984375 0.31527777777777777 0.03359375 0.030555555555555555
0 0.059375 0.03819444444444445 0.07890625 0.07222222222222222
0 0.665625 0.6 0.025 0.030555555555555555
0 0.8296875 0.24791666666666667 0.0484375 0.030555555555555555
0 0.2296875 0.6090277777777777 0.18984375 0.16527777777777777
0 0.919140625 0.33125 0.02890625 0.043055555555555555
0 0.5 0.8583333333333333 0.9984375 0.28055555555555556
0 0.58984375 0.6444444444444445 0.03828125 0.027777777777777776
0 0.034765625 0.05694444444444444 0.02890625 0.05555555555555555
0 0.641015625 0.12777777777777777 0.0859375 0.09305555555555556
0 0.1453125 0.12083333333333333 0.1421875 0.11527777777777778
