0 0.499609375 0.38472222222222224 0.99921875 0.7666666666666667
0 0.716015625 0.5131944444444444 0.0359375 0.034722222222222224
0 0.330078125 0.40625 0.11640625 0.10416666666666667
0 0.45 0.022916666666666665 0.0265625 0.03888888888888889
0 0.559375 0.4361111111111111 0.04375 0.11388888888888889
0 0.41328125 0.16319444444444445 0.04375 0.075
0 0.6359375 0.5020833333333333 0.03125 0.03333333333333333
0 0.519140625 0.31527777777777777 0.0234375 0.04027777777777778
0 0.966015625 0.25069444444444444 0.06640625 0.0875
0 0.198828125 0.35555555555555557 0.09609375 0.05
0 0.7703125 0.46319444444444446 0.0328125 0.02638888888888889
0 0.5 0.8166666666666667 1 0.3638888888888889
0 0.461328125 0.4409722222222222 0.03359375 0.013888888888888888
0 0.805078125 0.49930555555555556 0.04921875 0.02361111111111111
