0 0.5 0.34791666666666665 0.9984375 0.6930555555555555
0 0.138671875 0.31875 0.03046875 0.04027777777777778
0 0.25546875 0.3263888888888889 0.04375 0.04861111111111111
0 0.634765625 0.37083333333333335 0.01640625 0.027777777777777776
0 0.53828125 0.5479166666666667 0.01484375 0.015277777777777777
0 0.744921875 0.16319444444444445 0.0453125 0.022222222222222223
0 0.773046875 0.4284722222222222 0.11484375 0.07777777777777778
0 0.835546875 0.6118055555555556 0.05546875 0.034722222222222224
0 0.407421875 0.39305555555555555 0.0390625 0.022222222222222223
0 0.366796875 0.33055555555555555 0.0640625 0.04583333333333333
0 0.09453125 0.5173611111111112 0.03515625 0.044444444444444446
0 0.752734375 0.53125 0.0609375 0.043055555555555555
0 0.373046875 0.4041666666666667 0.02109375 0.034722222222222224
0 0.5 0.8354166666666667 0.9984375 0.3263888888888889
0 0.553125 0.4875 0.03515625 0.034722222222222224
0 0.66328125 0.2763888888888889 0.015625 0.022222222222222223
0 0.041015625 0.3902777777777778 0.05390625 0.05416666666666667
0 0.3734375 0.46458333333333335 0.05 0.041666666666666664
