0 0.5 0.5548611111111111 0.9984375 0.8902777777777777
0 0.652734375 0.21736111111111112 0.19921875 0.07083333333333333
0 0.926953125 0.9402777777777778 0.1328125 0.08194444444444444
0 0.342578125 0.41597222222222224 0.2734375 0.12083333333333333
0 0.277734375 0.5458333333333333 0.18984375 0.1111111111111111
0 0.82578125 0.7805555555555556 0.08828125 0.06388888888888888
0 0.626171875 0.6854166666666667 0.3109375 0.19166666666666668
0 0.813671875 0.7194444444444444 0.0390625 0.058333333333333334
0 0.6703125 0.47152777777777777 0.33828125 0.13472222222222222
0 0.61015625 0.6902777777777778 0.1171875 0.08055555555555556
0 0.731640625 0.8340277777777778 0.13203125 0.1111111111111111
0 0.234765625 0.54375 0.0703125 0.03611111111111111
0 0.47109375 0.5319444444444444 0.14921875 0.09305555555555556
0 0.5 0.10625 0.9984375 0.20972222222222223
0 0.948828125 0.25 0.04296875 0.043055555555555555
