0 0.499609375 0.5263888888888889 0.99921875 0.9444444444444444
0 0.290234375 0.6666666666666666 0.3625 0.30694444444444446
0 0.13046875 0.3763888888888889 0.0328125 0.0375
0 0.09453125 0.34305555555555556 0.04375 0.027777777777777776
0 0.013671875 0.9638888888888889 0.02734375 0.06944444444444445
0 0.409375 0.2375 0.03046875 0.05
0 0.424609375 0.3576388888888889 0.0265625 0.030555555555555555
0 0.91171875 0.4 0.175 0.2611111111111111
0 0.66484375 0.24097222222222223 0.196875 0.2152777777777778
0 0.518359375 0.31527777777777777 0.04921875 0.02638888888888889
0 0.9609375 0.9284722222222223 0.07734375 0.12638888888888888
0 0.975390625 0.8694444444444445 0.04765625 0.09166666666666666
0 0.687109375 0.8548611111111111 0.04765625 0.0763888888888889
0 0.499609375 0.12361111111111112 0.99921875 0.24722222222222223
0 0.556640625 0.7534722222222222 0.04296875 0.07777777777777778
0 0.1203125 0.5409722222222222 0.0578125 0.034722222222222224
0 0.65 0.8027777777777778 0.06328125 0.10694444444444444
0 0.63515625 0.7236111111111111 0.728125 0.55
0 0.6234375 0.9284722222222223 0.4265625 0.14027777777777778
0 0.63125 0.6506944444444445 0.034375 0.04027777777777778
0 0.9328125 0.6013888888888889 0.05546875 0.058333333333333334
0 0.465625 0.8729166666666667 0.04296875 0.03333333333333333
0 0.2875 0.49930555555555556 0.0265625 0.04861111111111111
0 0.30859375 0.9493055555555555 0.215625 0.09861111111111111
0 0.308984375 0.2791666666666667 0.13984375 0.05416666666666667
