0 0.499609375 0.575 0.99921875 0.8472222222222222
0 0.1265625 0.7520833333333333 0.02109375 0.027777777777777776
0 0.056640625 0.7354166666666667 0.03984375 0.05
0 0.641796875 0.8076388888888889 0.021875 0.06388888888888888
0 0.41015625 0.5090277777777777 0.1296875 0.05555555555555555
0 0.178515625 0.32430555555555557 0.04609375 0.03333333333333333
0 0.80859375 0.6930555555555555 0.01640625 0.041666666666666664
0 0.65234375 0.7069444444444445 0.10546875 0.07222222222222222
0 0.6546875 0.36944444444444446 0.0390625 0.04861111111111111
0 0.499609375 0.17777777777777778 0.99921875 0.35555555555555557
0 0.214453125 0.6868055555555556 0.03828125 0.02638888888888889
0 0.341796875 0.4888888888888889 0.0140625 0.02638888888888889
0 0.85625 0.8208333333333333 0.0234375 0.022222222222222223
