0 0.5 0.5 0.9984375 0.9972222222222222
0 0.2390625 0.7041666666666667 0.059375 0.03888888888888889
0 0.266796875 0.39791666666666664 0.0671875 0.05
0 0.18671875 0.3284722222222222 0.02109375 0.03194444444444444
0 0.28203125 0.7958333333333333 0.03671875 0.027777777777777776
0 0.05546875 0.3215277777777778 0.06328125 0.07777777777777778
0 0.276953125 0.8868055555555555 0.11328125 0.1
0 0.154296875 0.9222222222222223 0.30703125 0.1527777777777778
0 0.362890625 0.9173611111111111 0.04453125 0.02361111111111111
0 0.38828125 0.9395833333333333 0.03125 0.018055555555555554
0 0.059375 0.7416666666666667 0.03046875 0.034722222222222224
