0 0.499609375 0.5527777777777778 0.99921875 0.8916666666666667
0 0.5328125 0.5298611111111111 0.05625 0.18611111111111112
0 0.72578125 0.42291666666666666 0.0765625 0.044444444444444446
0 0.620703125 0.43472222222222223 0.04140625 0.0375
0 0.475 0.6986111111111111 0.02890625 0.043055555555555555
0 0.101171875 0.6402777777777777 0.1234375 0.06388888888888888
0 0.268359375 0.5229166666666667 0.059375 0.04722222222222222
0 0.252734375 0.6111111111111112 0.13515625 0.05555555555555555
0 0.325 0.9354166666666667 0.06953125 0.1111111111111111
0 0.811328125 0.4340277777777778 0.06484375 0.04861111111111111
0 0.499609375 0.12152777777777778 0.99921875 0.24305555555555555
0 0.416796875 0.5256944444444445 0.0359375 0.027777777777777776
0 0.7765625 0.4875 0.04375 0.05277777777777778
