0 0.5 0.34097222222222223 0.9984375 0.6791666666666667
0 0.493359375 0.3736111111111111 0.04921875 0.029166666666666667
0 0.346484375 0.30416666666666664 0.04609375 0.05277777777777778
0 0.72890625 0.3458333333333333 0.01953125 0.030555555555555555
0 0.81875 0.41597222222222224 0.04296875 0.05138888888888889
0 0.444140625 0.4486111111111111 0.0546875 0.03888888888888889
0 0.6484375 0.5888888888888889 0.0578125 0.0375
0 0.589453125 0.2611111111111111 0.05 0.034722222222222224
0 0.15078125 0.5076388888888889 0.03984375 0.05138888888888889
0 0.625390625 0.47291666666666665 0.0328125 0.030555555555555555
0 0.45625 0.30486111111111114 0.0671875 0.043055555555555555
0 0.892578125 0.5930555555555556 0.06171875 0.030555555555555555
0 0.82421875 0.5138888888888888 0.059375 0.044444444444444446
0 0.67578125 0.17083333333333334 0.021875 0.015277777777777777
0 0.22734375 0.29305555555555557 0.0328125 0.04027777777777778
0 0.5 0.8243055555555555 0.9984375 0.3486111111111111
0 0.055078125 0.17777777777777778 0.01015625 0.022222222222222223
0 0.769921875 0.24166666666666667 0.01796875 0.022222222222222223
0 0.125 0.3729166666666667 0.05625 0.04861111111111111
