0 0.5 0.5729166666666666 0.9984375 0.8541666666666666
0 0.65625 0.40347222222222223 0.08359375 0.07361111111111111
0 0.980078125 0.6298611111111111 0.0375 0.03611111111111111
0 0.09296875 0.5888888888888889 0.1015625 0.10694444444444444
0 0.5953125 0.9048611111111111 0.0515625 0.08194444444444444
0 0.87890625 0.44722222222222224 0.1734375 0.16527777777777777
0 0.366796875 0.9 0.0671875 0.02361111111111111
0 0.328125 0.46319444444444446 0.32421875 0.3736111111111111
0 0.4953125 0.4847222222222222 0.04453125 0.03333333333333333
0 0.875 0.6111111111111112 0.03828125 0.027777777777777776
0 0.094921875 0.9180555555555555 0.1796875 0.14166666666666666
0 0.740625 0.7083333333333334 0.0265625 0.0375
0 0.01875 0.5493055555555556 0.03359375 0.06388888888888888
0 0.877734375 0.9715277777777778 0.11484375 0.05416666666666667
0 0.326171875 0.64375 0.0328125 0.029166666666666667
0 0.919140625 0.9368055555555556 0.05703125 0.05416666666666667
0 0.917578125 0.8 0.08515625 0.08611111111111111
0 0.434375 0.6979166666666666 0.03984375 0.04861111111111111
0 0.5 0.25555555555555554 0.9984375 0.5111111111111111
0 0.768359375 0.5666666666666667 0.0484375 0.075
0 0.66328125 0.6458333333333334 0.05 0.06388888888888888
0 0.244921875 0.9652777777777778 0.09140625 0.06666666666666667
0 0.987890625 0.5708333333333333 0.02265625 0.03611111111111111
0 0.4203125 0.9486111111111111 0.06328125 0.09722222222222222
0 0.4390625 0.8534722222222222 0.04921875 0.09027777777777778
0 0.05234375 0.8104166666666667 0.0609375 0.06388888888888888
0 0.14296875 0.8243055555555555 0.06640625 0.059722222222222225
0 0.85859375 0.8243055555555555 0.059375 0.06805555555555555
0 0.958984375 0.98125 0.05234375 0.03333333333333333
0 0.7796875 0.475 0.1890625 0.08472222222222223
