0 0.5 0.3715277777777778 0.9984375 0.7402777777777778
0 0.487109375 0.5861111111111111 0.02421875 0.019444444444444445
0 0.713671875 0.6631944444444444 0.05234375 0.022222222222222223
0 0.465625 0.5958333333333333 0.01484375 0.019444444444444445
0 0.38359375 0.5847222222222223 0.0453125 0.019444444444444445
0 0.853125 0.4222222222222222 0.01640625 0.02361111111111111
0 0.830078125 0.6347222222222222 0.015625 0.022222222222222223
0 0.226171875 0.5652777777777778 0.04453125 0.019444444444444445
0 0.65703125 0.36180555555555555 0.11640625 0.07916666666666666
0 0.24375 0.5256944444444445 0.025 0.019444444444444445
0 0.955859375 0.5333333333333333 0.01796875 0.013888888888888888
0 0.440625 0.49930555555555556 0.02734375 0.025
0 0.265625 0.5430555555555555 0.02109375 0.013888888888888888
0 0.5 0.7611111111111111 0.9984375 0.475
0 0.77890625 0.575 0.0203125 0.015277777777777777
0 0.471875 0.4513888888888889 0.03125 0.034722222222222224
0 0.30703125 0.46041666666666664 0.0265625 0.018055555555555554
0 0.959765625 0.5902777777777778 0.01875 0.030555555555555555
0 0.636328125 0.5875 0.0265625 0.0125
0 0.910546875 0.6819444444444445 0.01640625 0.0125
0 0.528125 0.16527777777777777 0.03515625 0.044444444444444446
0 0.083984375 0.49166666666666664 0.0375 0.019444444444444445
0 0.36015625 0.4666666666666667 0.0203125 0.02638888888888889
0 0.633984375 0.6055555555555555 0.03359375 0.022222222222222223
