0 0.499609375 0.5694444444444444 0.99921875 0.8583333333333333
0 0.460546875 0.41041666666666665 0.13359375 0.09027777777777778
0 0.409375 0.8506944444444444 0.090625 0.07916666666666666
0 0.176953125 0.4375 0.190625 0.20277777777777778
0 0.070703125 0.8104166666666667 0.12890625 0.03333333333333333
0 0.69140625 0.9729166666666667 0.0515625 0.04861111111111111
0 0.745703125 0.30416666666666664 0.19453125 0.12777777777777777
0 0.86796875 0.39652777777777776 0.1953125 0.1388888888888889
0 0.17890625 0.8159722222222222 0.10625 0.16944444444444445
0 0.180859375 0.64375 0.04296875 0.04861111111111111
0 0.361328125 0.7993055555555556 0.0296875 0.03888888888888889
0 0.9171875 0.8805555555555555 0.05234375 0.08611111111111111
0 0.860546875 0.6736111111111112 0.0453125 0.08055555555555556
0 0.97109375 0.9305555555555556 0.05 0.11805555555555555
0 0.499609375 0.15833333333333333 0.99921875 0.31666666666666665
0 0.785546875 0.9722222222222222 0.06015625 0.05277777777777778
0 0.69609375 0.7423611111111111 0.0703125 0.07916666666666666
0 0.713671875 0.8076388888888889 0.0375 0.04583333333333333
0 0.725 0.47430555555555554 0.0421875 0.05555555555555555
0 0.622265625 0.6 0.08203125 0.05694444444444444
0 0.875390625 0.7465277777777778 0.0484375 0.04583333333333333
0 0.328125 0.7013888888888888 0.0765625 0.07916666666666666
0 0.592578125 0.9722222222222222 0.05703125 0.05277777777777778
0 0.370703125 0.3736111111111111 0.03671875 0.02638888888888889
0 0.206640625 0.9680555555555556 0.08515625 0.06111111111111111
0 0.95390625 0.46875 0.0796875 0.10416666666666667
0 0.3125 0.6013888888888889 0.07109375 0.11527777777777778
0 0.859765625 0.9520833333333333 0.0921875 0.06805555555555555
0 0.6203125 0.5409722222222222 0.078125 0.034722222222222224
0 0.8640625 0.8659722222222223 0.04296875 0.08472222222222223
0 0.483984375 0.58125 0.0578125 0.041666666666666664
0 0.844140625 0.6458333333333334 0.0984375 0.12222222222222222
0 0.4015625 0.6069444444444444 0.084375 0.10416666666666667
0 0.502734375 0.9590277777777778 0.053125 0.059722222222222225
0 0.4578125 0.7138888888888889 0.05859375 0.08333333333333333
0 0.048046875 0.5826388888888889 0.028125 0.05694444444444444
0 0.294921875 0.47708333333333336 0.21796875 0.10833333333333334
0 0.973046875 0.33541666666666664 0.05078125 0.04583333333333333
