0 0.5 0.5 1 0.9972222222222222
0 0.444921875 0.5798611111111112 0.034375 0.03888888888888889
0 0.59375 0.9104166666666667 0.08828125 0.05
0 0.930078125 0.9319444444444445 0.0296875 0.04583333333333333
0 0.39453125 0.5131944444444444 0.259375 0.2847222222222222
0 0.191015625 0.40625 0.0796875 0.04027777777777778
0 0.7515625 0.975 0.0453125 0.044444444444444446
0 0.534375 0.7041666666666667 0.0296875 0.03888888888888889
0 0.409765625 0.6340277777777777 0.05546875 0.05555555555555555
0 0.53671875 0.8569444444444444 0.06328125 0.05
0 0.163671875 0.9527777777777777 0.32734375 0.09166666666666666
0 0.30859375 0.24930555555555556 0.1046875 0.1125
0 0.265234375 0.6604166666666667 0.05859375 0.10555555555555556
0 0.034375 0.74375 0.06796875 0.06388888888888888
0 0.550390625 0.825 0.05859375 0.03888888888888889
0 0.01640625 0.2625 0.0328125 0.06666666666666667
