0 0.499609375 0.5013888888888889 0.99921875 0.9944444444444445
0 0.66015625 0.3798611111111111 0.0421875 0.04583333333333333
0 0.747265625 0.30069444444444443 0.03984375 0.03333333333333333
0 0.573828125 0.2965277777777778 0.02421875 0.02361111111111111
0 0.326953125 0.9180555555555555 0.06796875 0.125
0 0.624609375 0.5 0.02734375 0.03194444444444444
0 0.29921875 0.4625 0.065625 0.075
0 0.694921875 0.14444444444444443 0.03125 0.025
0 0.759375 0.3659722222222222 0.04375 0.04722222222222222
0 0.560546875 0.48333333333333334 0.06171875 0.17083333333333334
0 0.6453125 0.20694444444444443 0.02421875 0.016666666666666666
0 0.598828125 0.25416666666666665 0.02421875 0.030555555555555555
0 0.274609375 0.5652777777777778 0.1375 0.08194444444444444
0 0.191796875 0.1638888888888889 0.01875 0.013888888888888888
0 0.49140625 0.6652777777777777 0.04375 0.059722222222222225
0 0.026171875 0.6291666666666667 0.03984375 0.03888888888888889
0 0.96640625 0.12222222222222222 0.01953125 0.03194444444444444
0 0.265234375 0.17847222222222223 0.015625 0.02361111111111111
0 0.499609375 0.07291666666666667 0.99921875 0.14166666666666666
0 0.7984375 0.17152777777777778 0.03359375 0.02361111111111111
0 0.712890625 0.38125 0.03671875 0.029166666666666667
0 0.8359375 0.2263888888888889 0.0296875 0.013888888888888888
0 0.789453125 0.2763888888888889 0.0109375 0.02361111111111111
0 0.697265625 0.07291666666666667 0.0390625 0.020833333333333332
0 0.57109375 0.1076388888888889 0.0375 0.03888888888888889
0 0.45 0.4666666666666667 0.04140625 0.03333333333333333
0 0.124609375 0.5881944444444445 0.1203125 0.05277777777777778
