0 0.499609375 0.4513888888888889 0.99921875 0.9
0 0.274609375 0.16527777777777777 0.09609375 0.08472222222222223
0 0.40859375 0.16319444444444445 0.040625 0.05
0 0.10625 0.475 0.07578125 0.04583333333333333
0 0.32265625 0.6145833333333334 0.17578125 0.15416666666666667
0 0.573046875 0.6340277777777777 0.06875 0.05277777777777778
0 0.4484375 0.46041666666666664 0.06015625 0.0763888888888889
0 0.74765625 0.44513888888888886 0.0796875 0.05416666666666667
0 0.746875 0.8076388888888889 0.08359375 0.06527777777777778
0 0.5 0.8597222222222223 1 0.2777777777777778
0 0.2 0.48541666666666666 0.02578125 0.0375
0 0.978125 0.1638888888888889 0.0421875 0.075
0 0.894140625 0.06319444444444444 0.04765625 0.06944444444444445
0 0.12109375 0.38263888888888886 0.03671875 0.07916666666666666
0 0.339453125 0.11666666666666667 0.07109375 0.06666666666666667
0 0.9 0.42291666666666666 0.0546875 0.04861111111111111
0 0.89453125 0.69375 0.209375 0.20416666666666666
0 0.8859375 0.6854166666666667 0.03125 0.05277777777777778
0 0.578515625 0.34097222222222223 0.05703125 0.07083333333333333
0 0.961328125 0.07916666666666666 0.07578125 0.06944444444444445
0 0.55234375 0.46944444444444444 0.03359375 0.025
0 0.52734375 0.4236111111111111 0.078125 0.03888888888888889
0 0.831640625 0.22916666666666666 0.04375 0.04027777777777778
0 0.947265625 0.3402777777777778 0.04375 0.06666666666666667
0 0.346875 0.3715277777777778 0.09921875 0.08888888888888889
0 0.6171875 0.4576388888888889 0.0578125 0.022222222222222223
0 0.705859375 0.07777777777777778 0.0625 0.04722222222222222
0 0.45859375 0.3597222222222222 0.06796875 0.06805555555555555
0 0.616796875 0.1 0.06875 0.05277777777777778
0 0.638671875 0.027777777777777776 0.03203125 0.05277777777777778
0 0.432421875 0.5694444444444444 0.19296875 0.08888888888888889
