0 0.938671875 0.9854166666666667 0.12109375 0.02638888888888889
0 0.499609375 0.6201388888888889 0.99921875 0.7569444444444444
0 0.94296875 0.33611111111111114 0.1125 0.1111111111111111
0 0.858984375 0.4423611111111111 0.28046875 0.12916666666666668
0 0.509375 0.3701388888888889 0.1078125 0.10972222222222222
0 0.284765625 0.36666666666666664 0.08828125 0.08472222222222223
0 0.94765625 0.3145833333333333 0.075 0.06527777777777778
0 0.516796875 0.3145833333333333 0.06171875 0.0625
0 0.499609375 0.14305555555555555 0.99921875 0.2861111111111111
0 0.373046875 0.8895833333333333 0.53046875 0.21805555555555556
0 0.059765625 0.8743055555555556 0.09453125 0.06388888888888888
