0 0.499609375 0.56875 0.99921875 0.8597222222222223
0 0.416015625 0.6333333333333333 0.02265625 0.02638888888888889
0 0.45078125 0.1986111111111111 0.00859375 0.041666666666666664
0 0.736328125 0.35833333333333334 0.196875 0.15555555555555556
0 0.311328125 0.3625 0.02109375 0.030555555555555555
0 0.0359375 0.6236111111111111 0.0234375 0.02638888888888889
0 0.499609375 0.14027777777777778 0.99921875 0.28055555555555556
0 0.29609375 0.8125 0.08046875 0.05416666666666667
0 0.795703125 0.8201388888888889 0.0875 0.08194444444444444
0 0.89921875 0.9222222222222223 0.2 0.1527777777777778
0 0.415625 0.7861111111111111 0.0640625 0.04722222222222222
0 0.564453125 0.9597222222222223 0.08984375 0.07777777777777778
