0 0.499609375 0.4576388888888889 0.99921875 0.9125
0 0.971875 0.8284722222222223 0.021875 0.02638888888888889
0 0.05078125 0.6430555555555556 0.04609375 0.027777777777777776
0 0.052734375 0.7284722222222222 0.059375 0.02361111111111111
0 0.1734375 0.39444444444444443 0.18671875 0.06388888888888888
0 0.634375 0.7583333333333333 0.02265625 0.015277777777777777
0 0.56328125 0.5479166666666667 0.02578125 0.027777777777777776
0 0.205859375 0.7722222222222223 0.01171875 0.019444444444444445
0 0.289453125 0.7333333333333333 0.06171875 0.025
0 0.12421875 0.7819444444444444 0.01328125 0.015277777777777777
0 0.558203125 0.6715277777777777 0.0296875 0.016666666666666666
0 0.58671875 0.7201388888888889 0.01875 0.02361111111111111
0 0.21484375 0.5097222222222222 0.0859375 0.07361111111111111
0 0.81796875 0.6118055555555556 0.109375 0.04861111111111111
0 0.5625 0.48125 0.0703125 0.20694444444444443
0 0.555078125 0.8222222222222222 0.0546875 0.04583333333333333
0 0.32734375 0.6548611111111111 0.02265625 0.02638888888888889
0 0.7890625 0.8694444444444445 0.0609375 0.029166666666666667
0 0.015625 0.3541666666666667 0.03125 0.03333333333333333
0 0.11328125 0.2881944444444444 0.01875 0.022222222222222223
0 0.730859375 0.6013888888888889 0.0390625 0.027777777777777776
0 0.476953125 0.25763888888888886 0.046875 0.05555555555555555
0 0.88359375 0.5388888888888889 0.0578125 0.05138888888888889
0 0.674609375 0.5993055555555555 0.05 0.05
0 0.600390625 0.7736111111111111 0.053125 0.0125
0 0.5 0.9 1 0.19722222222222222
0 0.808984375 0.6951388888888889 0.009375 0.022222222222222223
0 0.75703125 0.8138888888888889 0.015625 0.008333333333333333
0 0.852734375 0.7388888888888889 0.0359375 0.011111111111111112
0 0.539453125 0.7770833333333333 0.00390625 0.006944444444444444
0 0.43203125 0.7541666666666667 0.0125 0.011111111111111112
0 0.65078125 0.4666666666666667 0.03203125 0.03194444444444444
0 0.410546875 0.5027777777777778 0.05390625 0.02638888888888889
0 0.50859375 0.7277777777777777 0.01484375 0.011111111111111112
0 0.775390625 0.8395833333333333 0.01484375 0.009722222222222222
0 0.91796875 0.5958333333333333 0.08046875 0.043055555555555555
