0 0.5 0.5833333333333334 0.9984375 0.8333333333333334
0 0.747265625 0.7743055555555556 0.0765625 0.1111111111111111
0 0.25234375 0.38680555555555557 0.1046875 0.06388888888888888
0 0.9796875 0.34652777777777777 0.0390625 0.09305555555555556
0 0.841796875 0.33611111111111114 0.09296875 0.12638888888888888
0 0.579296875 0.3472222222222222 0.21484375 0.08611111111111111
0 0.559375 0.27361111111111114 0.11171875 0.08611111111111111
0 0.813671875 0.6423611111111112 0.0421875 0.05694444444444444
0 0.285546875 0.8875 0.04921875 0.06388888888888888
0 0.5 0.14027777777777778 0.9984375 0.28055555555555556
0 0.66796875 0.9555555555555556 0.0328125 0.05277777777777778
0 0.97578125 0.7020833333333333 0.03203125 0.058333333333333334
0 0.8296875 0.5805555555555556 0.06015625 0.06805555555555555
0 0.687109375 0.5729166666666666 0.20390625 0.15
