0 0.499609375 0.6055555555555555 0.99921875 0.7861111111111111
0 0.512109375 0.4152777777777778 0.0609375 0.07777777777777778
0 0.433203125 0.36666666666666664 0.07578125 0.059722222222222225
0 0.76015625 0.4 0.31484375 0.1625
0 0.673828125 0.8027777777777778 0.05859375 0.0875
0 0.57890625 0.41388888888888886 0.05703125 0.05555555555555555
0 0.944140625 0.7763888888888889 0.07890625 0.20694444444444443
0 0.9390625 0.5236111111111111 0.05390625 0.04027777777777778
0 0.527734375 0.7430555555555556 0.1375 0.11805555555555555
0 0.614453125 0.9597222222222223 0.1109375 0.06805555555555555
0 0.661328125 0.5604166666666667 0.05625 0.05138888888888889
0 0.499609375 0.12430555555555556 0.99921875 0.24861111111111112
0 0.526953125 0.6402777777777777 0.02734375 0.03333333333333333
0 0.267578125 0.3625 0.0390625 0.07222222222222222
0 0.50546875 0.3236111111111111 0.0296875 0.030555555555555555
0 0.1828125 0.47638888888888886 0.0765625 0.04722222222222222
