0 0.5 0.5 0.9984375 1
0 0.496484375 0.39166666666666666 0.01640625 0.02638888888888889
0 0.21875 0.5215277777777778 0.159375 0.14444444444444443
0 0.493359375 0.4736111111111111 0.0796875 0.0375
0 0.871875 0.43125 0.04296875 0.041666666666666664
0 0.81484375 0.4409722222222222 0.0140625 0.02361111111111111
0 0.396484375 0.5236111111111111 0.028125 0.05694444444444444
0 0.562890625 0.40069444444444446 0.0640625 0.044444444444444446
0 0.471484375 0.36180555555555555 0.02578125 0.04027777777777778
0 0.087890625 0.41041666666666665 0.08671875 0.07777777777777778
0 0.2515625 0.46111111111111114 0.01484375 0.04027777777777778
0 0.225 0.5513888888888889 0.015625 0.020833333333333332
0 0.026953125 0.5548611111111111 0.04609375 0.1
0 0.346484375 0.2111111111111111 0.0421875 0.05277777777777778
0 0.38046875 0.4618055555555556 0.08359375 0.058333333333333334
0 0.60234375 0.2916666666666667 0.05703125 0.058333333333333334
0 0.64140625 0.22708333333333333 0.05234375 0.04722222222222222
0 0.5328125 0.29583333333333334 0.0359375 0.0375
0 0.756640625 0.13055555555555556 0.02421875 0.030555555555555555
0 0.32421875 0.1284722222222222 0.646875 0.2569444444444444
0 0.28359375 0.8875 0.04609375 0.12638888888888888
0 0.736328125 0.4111111111111111 0.04296875 0.043055555555555555
