0 0.5 0.6569444444444444 0.9984375 0.6861111111111111
0 0.49765625 0.5763888888888888 0.04765625 0.044444444444444446
0 0.198046875 0.6861111111111111 0.15 0.05
0 0.871875 0.23680555555555555 0.02109375 0.04722222222222222
0 0.662109375 0.8173611111111111 0.07421875 0.0625
0 0.4171875 0.4930555555555556 0.02578125 0.011111111111111112
0 0.101953125 0.7305555555555555 0.115625 0.12916666666666668
0 0.69609375 0.6131944444444445 0.0390625 0.04583333333333333
0 0.534375 0.7347222222222223 0.15546875 0.08472222222222223
0 0.5 0.3284722222222222 0.9984375 0.6569444444444444
0 0.38359375 0.5256944444444445 0.05078125 0.0375
