0 0.22890625 0.39861111111111114 0.0421875 0.020833333333333332
0 0.62890625 0.41944444444444445 0.025 0.034722222222222224
0 0.51953125 0.40902777777777777 0.040625 0.02361111111111111
0 0.5859375 0.8604166666666667 0.0890625 0.08888888888888889
0 0.587890625 0.3840277777777778 0.009375 0.022222222222222223
0 0.53984375 0.6215277777777778 0.0328125 0.05416666666666667
0 0.499609375 0.16666666666666666 0.99921875 0.3333333333333333
0 0.212109375 0.4736111111111111 0.0296875 0.027777777777777776
0 0.962109375 0.38125 0.01875 0.015277777777777777
0 0.96171875 0.3902777777777778 0.01875 0.022222222222222223
0 0.0328125 0.68125 0.034375 0.04722222222222222
0 0.753125 0.3625 0.0390625 0.02361111111111111
0 0.78828125 0.9118055555555555 0.03125 0.05416666666666667
0 0.560546875 0.40555555555555556 0.01875 0.02638888888888889
0 0.19296875 0.5097222222222222 0.0515625 0.04722222222222222
0 0.137890625 0.5256944444444445 0.05859375 0.03333333333333333
0 0.841796875 0.9666666666666667 0.15859375 0.06388888888888888
