0 0.499609375 0.49930555555555556 0.99921875 0.9986111111111111
0 0.444921875 0.4201388888888889 0.034375 0.03888888888888889
0 0.59375 0.08958333333333333 0.08828125 0.05
0 0.930078125 0.06805555555555555 0.0296875 0.04583333333333333
0 0.39453125 0.48680555555555555 0.259375 0.2847222222222222
0 0.191015625 0.59375 0.0796875 0.04027777777777778
0 0.7515625 0.025 0.0453125 0.044444444444444446
0 0.534375 0.29583333333333334 0.0296875 0.03888888888888889
0 0.409765625 0.3659722222222222 0.05546875 0.05555555555555555
0 0.53671875 0.14305555555555555 0.06328125 0.05
0 0.16328125 0.04652777777777778 0.3265625 0.09305555555555556
0 0.30859375 0.7506944444444444 0.1046875 0.1125
0 0.265234375 0.33958333333333335 0.05859375 0.10555555555555556
0 0.034375 0.25625 0.06796875 0.06388888888888888
0 0.550390625 0.175 0.05859375 0.03888888888888889
0 0.01640625 0.7375 0.0328125 0.06666666666666667
