0 0.5 0.5 0.9984375 0.9972222222222222
0 0.93359375 0.7583333333333333 0.090625 0.07361111111111111
0 0.717578125 0.8694444444444445 0.05390625 0.018055555555555554
0 0.69296875 0.8340277777777778 0.0609375 0.03888888888888889
0 0.742578125 0.9159722222222222 0.04453125 0.034722222222222224
0 0.604296875 0.95625 0.0390625 0.034722222222222224
0 0.6 0.8548611111111111 0.03671875 0.05138888888888889
0 0.500390625 0.7152777777777778 0.0578125 0.05
0 0.338671875 0.7020833333333333 0.03671875 0.058333333333333334
0 0.844140625 0.9097222222222222 0.31015625 0.17777777777777778
0 0.769921875 0.8666666666666667 0.04296875 0.04722222222222222
0 0.404296875 0.7701388888888889 0.04921875 0.04583333333333333
0 0.49609375 0.9479166666666666 0.053125 0.02361111111111111
0 0.976171875 0.6576388888888889 0.04453125 0.04583333333333333
