0 0.5 0.6229166666666667 0.9984375 0.7541666666666667
0 0.791015625 0.53125 0.02109375 0.05416666666666667
0 0.7515625 0.95625 0.13203125 0.08194444444444444
0 0.1640625 0.5159722222222223 0.06171875 0.06111111111111111
0 0.672265625 0.33402777777777776 0.05859375 0.03611111111111111
0 0.280859375 0.5791666666666667 0.03984375 0.058333333333333334
0 0.39921875 0.5701388888888889 0.0484375 0.05277777777777778
0 0.9046875 0.47708333333333336 0.12578125 0.07222222222222222
0 0.18671875 0.4041666666666667 0.0421875 0.05277777777777778
0 0.5046875 0.5798611111111112 0.084375 0.06527777777777778
0 0.670703125 0.4236111111111111 0.04375 0.06388888888888888
0 0.8703125 0.3972222222222222 0.06484375 0.0375
0 0.490625 0.4465277777777778 0.06640625 0.04861111111111111
0 0.933203125 0.325 0.06484375 0.04583333333333333
0 0.54453125 0.5118055555555555 0.04765625 0.041666666666666664
0 0.5 0.1527777777777778 0.9984375 0.3055555555555556
