0 0.499609375 0.6597222222222222 0.99921875 0.6777777777777778
0 0.506640625 0.6263888888888889 0.04921875 0.029166666666666667
0 0.653515625 0.6958333333333333 0.04609375 0.05277777777777778
0 0.27109375 0.6541666666666667 0.01953125 0.030555555555555555
0 0.18125 0.5840277777777778 0.04296875 0.05138888888888889
0 0.555859375 0.5513888888888889 0.0546875 0.03888888888888889
0 0.3515625 0.4111111111111111 0.0578125 0.0375
0 0.410546875 0.7388888888888889 0.05 0.034722222222222224
0 0.84921875 0.49236111111111114 0.03984375 0.05138888888888889
0 0.374609375 0.5270833333333333 0.0328125 0.030555555555555555
0 0.54375 0.6951388888888889 0.0671875 0.043055555555555555
0 0.107421875 0.40694444444444444 0.06171875 0.030555555555555555
0 0.17578125 0.4861111111111111 0.059375 0.044444444444444446
0 0.32421875 0.8291666666666667 0.021875 0.015277777777777777
0 0.77265625 0.7069444444444445 0.0328125 0.04027777777777778
0 0.499609375 0.175 0.99921875 0.35
0 0.944921875 0.8222222222222222 0.01015625 0.022222222222222223
0 0.230078125 0.7583333333333333 0.01796875 0.022222222222222223
0 0.875 0.6270833333333333 0.05625 0.04861111111111111
