0 0.499609375 0.5 0.99921875 0.9972222222222222
0 0.52578125 0.40625 0.0265625 0.05555555555555555
0 0.680859375 0.45694444444444443 0.01796875 0.0375
0 0.856640625 0.49930555555555556 0.075 0.06388888888888888
0 0.96953125 0.5625 0.059375 0.04722222222222222
0 0.91640625 0.31527777777777777 0.05078125 0.09722222222222222
0 0.0078125 0.5743055555555555 0.015625 0.0375
0 0.05859375 0.5479166666666667 0.01328125 0.019444444444444445
0 0.97421875 0.6298611111111111 0.04765625 0.03611111111111111
0 0.541796875 0.47708333333333336 0.0921875 0.06527777777777778
0 0.7859375 0.9131944444444444 0.428125 0.17083333333333334
0 0.30859375 0.6923611111111111 0.046875 0.04027777777777778
0 0.15078125 0.5819444444444445 0.0265625 0.030555555555555555
0 0.28203125 0.7201388888888889 0.02109375 0.02361111111111111
0 0.58046875 0.7569444444444444 0.0390625 0.04861111111111111
0 0.384375 0.6861111111111111 0.03359375 0.027777777777777776
0 0.34765625 0.7 0.02109375 0.027777777777777776
