0 0.499609375 0.5986111111111111 0.99921875 0.8
0 0.578515625 0.4625 0.03984375 0.05
0 0.29609375 0.8625 0.06015625 0.075
0 0.0625 0.41805555555555557 0.02265625 0.034722222222222224
0 0.010546875 0.3645833333333333 0.02109375 0.02638888888888889
0 0.7203125 0.41041666666666665 0.06484375 0.05138888888888889
0 0.369921875 0.40694444444444444 0.02109375 0.03194444444444444
0 0.012109375 0.7798611111111111 0.0234375 0.10416666666666667
0 0.871875 0.33402777777777776 0.07734375 0.06944444444444445
0 0.299609375 0.8097222222222222 0.02734375 0.03888888888888889
0 0.397265625 0.35694444444444445 0.053125 0.058333333333333334
0 0.341015625 0.45694444444444443 0.0765625 0.06527777777777778
0 0.109375 0.8902777777777777 0.09375 0.05694444444444444
0 0.21640625 0.33819444444444446 0.03984375 0.04027777777777778
0 0.026953125 0.30694444444444446 0.0484375 0.0375
0 0.719140625 0.32430555555555557 0.04140625 0.06388888888888888
0 0.499609375 0.12777777777777777 0.99921875 0.25555555555555554
