0 0.499609375 0.49930555555555556 0.99921875 0.9986111111111111
0 0.857421875 0.55 0.115625 0.04583333333333333
0 0.5875 0.10208333333333333 0.06171875 0.02638888888888889
0 0.8734375 0.34652777777777777 0.0359375 0.10694444444444444
0 0.4734375 0.4840277777777778 0.10390625 0.05694444444444444
0 0.074609375 0.15625 0.14921875 0.08194444444444444
0 0.1375 0.4930555555555556 0.0828125 0.14027777777777778
0 0.1359375 0.8263888888888888 0.03125 0.06527777777777778
0 0.051953125 0.22847222222222222 0.09453125 0.04027777777777778
0 0.26875 0.5298611111111111 0.0953125 0.08194444444444444
0 0.32421875 0.7243055555555555 0.115625 0.1
0 0.848828125 0.4041666666666667 0.03984375 0.05555555555555555
0 0.3640625 0.5166666666666667 0.05 0.07361111111111111
0 0.2953125 0.06041666666666667 0.590625 0.12083333333333333
0 0.680078125 0.1673611111111111 0.0625 0.07222222222222222
0 0.96015625 0.7666666666666667 0.0734375 0.12638888888888888
0 0.6703125 0.6256944444444444 0.06796875 0.07083333333333333
0 0.92890625 0.3215277777777778 0.0625 0.11527777777777778
