0 0.5 0.6305555555555555 0.9984375 0.7388888888888889
0 0.53984375 0.36944444444444446 0.0375 0.013888888888888888
0 0.858984375 0.5701388888888889 0.03671875 0.02638888888888889
0 0.1234375 0.7166666666666667 0.1546875 0.05416666666666667
0 0.8609375 0.45694444444444443 0.01328125 0.020833333333333332
0 0.854296875 0.5131944444444444 0.04609375 0.016666666666666666
0 0.440234375 0.9402777777777778 0.08046875 0.11666666666666667
0 0.643359375 0.8729166666666667 0.0390625 0.027777777777777776
0 0.2515625 0.30486111111111114 0.00625 0.0125
0 0.925390625 0.9604166666666667 0.14765625 0.07916666666666666
0 0.5 0.18958333333333333 0.9984375 0.37916666666666665
0 0.853125 0.39791666666666664 0.00546875 0.015277777777777777
0 0.01171875 0.35138888888888886 0.021875 0.019444444444444445
0 0.313671875 0.3576388888888889 0.01484375 0.016666666666666666
