0 0.5 0.5 0.9984375 0.9972222222222222
0 0.929296875 0.39861111111111114 0.03671875 0.07361111111111111
0 0.694140625 0.8729166666666667 0.059375 0.06388888888888888
0 0.699609375 0.1326388888888889 0.028125 0.04583333333333333
0 0.76953125 0.42430555555555555 0.08359375 0.07222222222222222
0 0.4640625 0.37430555555555556 0.06171875 0.08333333333333333
0 0.328515625 0.7993055555555556 0.0359375 0.04027777777777778
0 0.053125 0.5701388888888889 0.1046875 0.29305555555555557
0 0.093359375 0.10486111111111111 0.1296875 0.19305555555555556
0 0.979296875 0.18333333333333332 0.03984375 0.09444444444444444
0 0.758984375 0.9555555555555556 0.03828125 0.05277777777777778
0 0.115234375 0.5520833333333334 0.05078125 0.1
0 0.891015625 0.9208333333333333 0.02578125 0.027777777777777776
0 0.362890625 0.5027777777777778 0.04296875 0.05694444444444444
0 0.62265625 0.7597222222222222 0.021875 0.03333333333333333
0 0.683203125 0.9861111111111112 0.03359375 0.025
0 0.71875 0.9541666666666667 0.0171875 0.016666666666666666
0 0.20625 0.6166666666666667 0.1890625 0.18194444444444444
