0 0.499609375 0.38958333333333334 0.99921875 0.7763888888888889
0 0.723046875 0.1986111111111111 0.02109375 0.025
0 0.300390625 0.5840277777777778 0.034375 0.029166666666666667
0 0.780859375 0.24375 0.028125 0.03888888888888889
0 0.6484375 0.22013888888888888 0.01640625 0.030555555555555555
0 0.57109375 0.3993055555555556 0.01953125 0.027777777777777776
0 0.59921875 0.65 0.0984375 0.12361111111111112
0 0.06171875 0.7520833333333333 0.01328125 0.041666666666666664
0 0.9375 0.65625 0.10078125 0.1
0 0.296484375 0.7326388888888888 0.0203125 0.018055555555555554
0 0.77734375 0.6645833333333333 0.06953125 0.05138888888888889
0 0.090234375 0.42291666666666666 0.028125 0.025
0 0.98828125 0.3819444444444444 0.01640625 0.034722222222222224
0 0.042578125 0.05763888888888889 0.03515625 0.03611111111111111
0 0.244921875 0.6138888888888889 0.0359375 0.04722222222222222
0 0.499609375 0.8611111111111112 0.99921875 0.2722222222222222
0 0.957421875 0.4326388888888889 0.0734375 0.059722222222222225
0 0.8421875 0.3819444444444444 0.03125 0.034722222222222224
