0 0.5 0.5 0.9984375 0.9972222222222222
0 0.82265625 0.6006944444444444 0.10234375 0.05277777777777778
0 0.684765625 0.6333333333333333 0.11171875 0.034722222222222224
0 0.58984375 0.13333333333333333 0.028125 0.06111111111111111
0 0.5640625 0.2534722222222222 0.02421875 0.04027777777777778
0 0.571875 0.029166666666666667 0.0328125 0.05555555555555555
0 0.601171875 0.4083333333333333 0.04375 0.07916666666666666
0 0.681640625 0.6909722222222222 0.05234375 0.029166666666666667
0 0.44609375 0.6645833333333333 0.03828125 0.075
0 0.281640625 0.7708333333333334 0.04765625 0.0375
0 0.409375 0.3638888888888889 0.046875 0.05138888888888889
0 0.732421875 0.010416666666666666 0.07578125 0.018055555555555554
0 0.4875 0.5548611111111111 0.028125 0.041666666666666664
0 0.36328125 0.7638888888888888 0.0453125 0.03888888888888889
0 0.81484375 0.9506944444444444 0.36875 0.09583333333333334
0 0.545703125 0.6986111111111111 0.03359375 0.020833333333333332
0 0.22734375 0.7229166666666667 0.03203125 0.025
0 0.028125 0.48680555555555555 0.0546875 0.07361111111111111
0 0.19375 0.7576388888888889 0.0578125 0.02361111111111111
