0 0.5 0.5 0.9984375 1
0 0.446875 0.40625 0.06171875 0.1375
0 0.351171875 0.3229166666666667 0.04140625 0.041666666666666664
0 0.7046875 0.46319444444444446 0.12265625 0.05
0 0.26171875 0.3145833333333333 0.0484375 0.041666666666666664
0 0.4484375 0.80625 0.06015625 0.08194444444444444
0 0.65546875 0.7340277777777777 0.0515625 0.09861111111111111
0 0.76015625 0.7555555555555555 0.06953125 0.0625
0 0.631640625 0.9333333333333333 0.03359375 0.041666666666666664
0 0.841015625 0.4930555555555556 0.1078125 0.04583333333333333
0 0.0296875 0.6743055555555556 0.0578125 0.0625
0 0.51015625 0.5534722222222223 0.02265625 0.0375
0 0.546875 0.3951388888888889 0.03359375 0.016666666666666666
0 0.20703125 0.3763888888888889 0.03671875 0.03333333333333333
0 0.524609375 0.07083333333333333 0.94921875 0.14166666666666666
0 0.162109375 0.3388888888888889 0.06171875 0.034722222222222224
