0 0.499609375 0.37083333333333335 0.99921875 0.7388888888888889
0 0.69765625 0.22152777777777777 0.0328125 0.043055555555555555
0 0.813671875 0.6159722222222223 0.2765625 0.10555555555555556
0 0.900390625 0.6826388888888889 0.1375 0.09166666666666666
0 0.50078125 0.6652777777777777 0.096875 0.13194444444444445
0 0.039453125 0.6361111111111111 0.07890625 0.11944444444444445
0 0.13046875 0.24027777777777778 0.05625 0.05138888888888889
0 0.027734375 0.6819444444444445 0.05546875 0.08194444444444444
0 0.308203125 0.6833333333333333 0.075 0.07222222222222222
0 0.5 0.8590277777777777 1 0.2791666666666667
0 0.19296875 0.3875 0.0546875 0.043055555555555555
0 0.07890625 0.2708333333333333 0.04921875 0.07361111111111111
0 0.4625 0.3972222222222222 0.2296875 0.075
0 0.33515625 0.34444444444444444 0.1921875 0.13194444444444445
0 0.340625 0.25763888888888886 0.06640625 0.0625
