0 0.499609375 0.44027777777777777 0.99921875 0.8777777777777778
0 0.577734375 0.4652777777777778 0.140625 0.18611111111111112
0 0.876171875 0.5638888888888889 0.06015625 0.05277777777777778
0 0.148046875 0.42986111111111114 0.0484375 0.04583333333333333
0 0.655859375 0.4305555555555556 0.03984375 0.034722222222222224
0 0.279296875 0.5159722222222223 0.084375 0.06388888888888888
0 0.217578125 0.4215277777777778 0.09453125 0.04861111111111111
0 0.6140625 0.525 0.0265625 0.0375
0 0.93125 0.48194444444444445 0.05546875 0.059722222222222225
0 0.742578125 0.5694444444444444 0.05703125 0.05555555555555555
0 0.39609375 0.25763888888888886 0.046875 0.044444444444444446
0 0.5 0.8958333333333334 1 0.20555555555555555
0 0.45 0.4951388888888889 0.0421875 0.016666666666666666
0 0.040625 0.40625 0.08125 0.058333333333333334
0 0.98203125 0.53125 0.034375 0.03194444444444444
