0 0.499609375 0.45 0.99921875 0.8972222222222223
0 0.591015625 0.5826388888888889 0.084375 0.06527777777777778
0 0.225 0.7256944444444444 0.0109375 0.013888888888888888
0 0.408984375 0.725 0.04296875 0.020833333333333332
0 0.836328125 0.6770833333333334 0.11796875 0.08611111111111111
0 0.348046875 0.31180555555555556 0.1015625 0.08888888888888889
0 0.16640625 0.03194444444444444 0.165625 0.06111111111111111
0 0.704296875 0.65625 0.0703125 0.1
0 0.280078125 0.10347222222222222 0.10625 0.08611111111111111
0 0.50234375 0.21388888888888888 0.0328125 0.03194444444444444
0 0.323828125 0.37430555555555556 0.03671875 0.027777777777777776
0 0.436328125 0.51875 0.19765625 0.10694444444444444
0 0.5 0.8618055555555556 1 0.27361111111111114
0 0.591015625 0.29791666666666666 0.059375 0.07916666666666666
0 0.863671875 0.5118055555555555 0.03125 0.029166666666666667
0 0.507421875 0.6291666666666667 0.03046875 0.029166666666666667
0 0.45 0.4166666666666667 0.05390625 0.075
0 0.218359375 0.48541666666666666 0.03828125 0.02638888888888889
0 0.040625 0.5993055555555555 0.01875 0.019444444444444445
0 0.91953125 0.18888888888888888 0.0515625 0.05555555555555555
0 0.980859375 0.36319444444444443 0.03046875 0.043055555555555555
0 0.864453125 0.36527777777777776 0.028125 0.03333333333333333
0 0.4671875 0.3034722222222222 0.05546875 0.06527777777777778
0 0.202734375 0.4354166666666667 0.0265625 0.044444444444444446
0 0.115234375 0.33611111111111114 0.04453125 0.06805555555555555
0 0.0296875 0.4131944444444444 0.02421875 0.020833333333333332
0 0.355859375 0.058333333333333334 0.065625 0.08194444444444444
0 0.540234375 0.16319444444444445 0.06953125 0.07083333333333333
0 0.099609375 0.7423611111111111 0.028125 0.03194444444444444
0 0.534375 0.3798611111111111 0.071875 0.0375
0 0.856640625 0.18263888888888888 0.04375 0.044444444444444446
