0 0.5 0.45625 0.9984375 0.9097222222222222
0 0.359765625 0.7680555555555556 0.01953125 0.016666666666666666
0 0.773046875 0.7930555555555555 0.0171875 0.015277777777777777
0 0.470703125 0.6854166666666667 0.02890625 0.022222222222222223
0 0.553515625 0.5034722222222222 0.1296875 0.18333333333333332
0 0.8640625 0.5298611111111111 0.08671875 0.0625
0 0.475390625 0.4791666666666667 0.03046875 0.029166666666666667
0 0.932421875 0.4361111111111111 0.13359375 0.06666666666666667
0 0.237109375 0.6173611111111111 0.125 0.043055555555555555
0 0.73359375 0.2847222222222222 0.05 0.04861111111111111
0 0.39140625 0.6090277777777777 0.053125 0.044444444444444446
0 0.119921875 0.6263888888888889 0.0328125 0.02361111111111111
0 0.5 0.8986111111111111 0.9984375 0.2
0 0.682421875 0.5194444444444445 0.04296875 0.029166666666666667
0 0.210546875 0.5368055555555555 0.04609375 0.041666666666666664
0 0.144140625 0.5902777777777778 0.08203125 0.04583333333333333
