0 0.5 0.43472222222222223 0.9984375 0.8666666666666667
0 0.258203125 0.48541666666666666 0.02421875 0.03333333333333333
0 0.6734375 0.7520833333333333 0.01953125 0.02361111111111111
0 0.6140625 0.6715277777777777 0.01484375 0.020833333333333332
0 0.6140625 0.6409722222222223 0.01484375 0.015277777777777777
0 0.81953125 0.6763888888888889 0.0171875 0.013888888888888888
0 0.425 0.40625 0.02578125 0.059722222222222225
0 0.937890625 0.6152777777777778 0.02265625 0.027777777777777776
0 0.378125 0.7694444444444445 0.159375 0.09722222222222222
0 0.10859375 0.7333333333333333 0.0625 0.059722222222222225
0 0.5 0.8743055555555556 0.9984375 0.24861111111111112
0 0.67578125 0.6395833333333333 0.0375 0.02638888888888889
0 0.971875 0.3576388888888889 0.0546875 0.059722222222222225
0 0.318359375 0.5909722222222222 0.28984375 0.1
0 0.55546875 0.6020833333333333 0.040625 0.04027777777777778
