0 0.5 0.6215277777777778 0.9984375 0.7569444444444444
0 0.28125 0.45069444444444445 0.02265625 0.015277777777777777
0 0.958203125 0.3680555555555556 0.0359375 0.03194444444444444
0 0.10625 0.4361111111111111 0.0375 0.022222222222222223
0 0.81953125 0.5611111111111111 0.0171875 0.029166666666666667
0 0.236328125 0.9819444444444444 0.078125 0.034722222222222224
0 0.081640625 0.49027777777777776 0.0359375 0.019444444444444445
0 0.63359375 0.6159722222222223 0.109375 0.08055555555555556
0 0.720703125 0.3347222222222222 0.05390625 0.019444444444444445
0 0.26171875 0.4652777777777778 0.03125 0.020833333333333332
0 0.831640625 0.3638888888888889 0.06640625 0.08472222222222223
0 0.469921875 0.5319444444444444 0.02890625 0.03333333333333333
0 0.3390625 0.9395833333333333 0.075 0.0625
0 0.641015625 0.40208333333333335 0.04921875 0.041666666666666664
0 0.44140625 0.49027777777777776 0.021875 0.0375
0 0.5 0.21597222222222223 0.9984375 0.43194444444444446
0 0.36640625 0.5208333333333334 0.0234375 0.027777777777777776
0 0.2484375 0.42916666666666664 0.040625 0.019444444444444445
0 0.9171875 0.31875 0.0203125 0.03194444444444444
0 0.494921875 0.7819444444444444 0.03515625 0.04861111111111111
0 0.3140625 0.5270833333333333 0.025 0.020833333333333332
