0 0.499609375 0.6409722222222223 0.99921875 0.7152777777777778
0 0.753125 0.5520833333333334 0.028125 0.02361111111111111
0 0.72734375 0.5361111111111111 0.0265625 0.016666666666666666
0 0.2 0.6840277777777778 0.0171875 0.015277777777777777
0 0.9046875 0.5152777777777777 0.0328125 0.013888888888888888
0 0.288671875 0.3861111111111111 0.046875 0.015277777777777777
0 0.92890625 0.58125 0.0390625 0.015277777777777777
0 0.5265625 0.4777777777777778 0.04375 0.03333333333333333
0 0.384375 0.7388888888888889 0.09921875 0.07916666666666666
0 0.614453125 0.48541666666666666 0.04296875 0.020833333333333332
0 0.499609375 0.2638888888888889 0.99921875 0.5277777777777778
0 0.546875 0.6361111111111111 0.0203125 0.025
0 0.6953125 0.63125 0.0203125 0.018055555555555554
0 0.762109375 0.5027777777777778 0.04296875 0.022222222222222223
0 0.369140625 0.4673611111111111 0.0375 0.029166666666666667
0 0.06796875 0.48541666666666666 0.015625 0.018055555555555554
0 0.64453125 0.6201388888888889 0.02421875 0.02361111111111111
0 0.522265625 0.9506944444444444 0.03359375 0.043055555555555555
0 0.897265625 0.5868055555555556 0.03828125 0.02638888888888889
0 0.56875 0.5826388888888889 0.0234375 0.02361111111111111
0 0.24375 0.49930555555555556 0.021875 0.0125
