0 0.499609375 0.38055555555555554 0.99921875 0.7583333333333333
0 0.054296875 0.5020833333333333 0.01796875 0.019444444444444445
0 0.44140625 0.39444444444444443 0.0765625 0.041666666666666664
0 0.946875 0.7 0.1046875 0.09444444444444444
0 0.271484375 0.6916666666666667 0.08359375 0.12083333333333333
0 0.88203125 0.6736111111111112 0.22578125 0.10972222222222222
0 0.472265625 0.7125 0.07421875 0.06388888888888888
0 0.623046875 0.6979166666666666 0.0734375 0.09027777777777778
0 0.381640625 0.27152777777777776 0.04375 0.04861111111111111
0 0.143359375 0.40347222222222223 0.028125 0.034722222222222224
0 0.499609375 0.8743055555555556 0.99921875 0.25
0 0.31328125 0.4979166666666667 0.03359375 0.03194444444444444
0 0.782421875 0.18472222222222223 0.0515625 0.06527777777777778
0 0.4984375 0.4798611111111111 0.021875 0.02361111111111111
0 0.5875 0.5326388888888889 0.1234375 0.08333333333333333
0 0.478125 0.5444444444444444 0.0609375 0.02361111111111111
0 0.610546875 0.4826388888888889 0.028125 0.022222222222222223
0 0.460546875 0.4979166666666667 0.0296875 0.030555555555555555
