0 0.499609375 0.5 0.99921875 0.9972222222222222
0 0.52578125 0.59375 0.0265625 0.05555555555555555
0 0.680859375 0.5430555555555555 0.01796875 0.0375
0 0.856640625 0.5006944444444444 0.075 0.06388888888888888
0 0.96953125 0.4375 0.059375 0.04722222222222222
0 0.91640625 0.6847222222222222 0.05078125 0.09722222222222222
0 0.0078125 0.42569444444444443 0.015625 0.0375
0 0.05859375 0.45208333333333334 0.01328125 0.019444444444444445
0 0.97421875 0.3701388888888889 0.04765625 0.03611111111111111
0 0.541796875 0.5229166666666667 0.0921875 0.06527777777777778
0 0.785546875 0.08611111111111111 0.42734375 0.17222222222222222
0 0.30859375 0.3076388888888889 0.046875 0.04027777777777778
0 0.15078125 0.41805555555555557 0.0265625 0.030555555555555555
0 0.28203125 0.2798611111111111 0.02109375 0.02361111111111111
0 0.58046875 0.24305555555555555 0.0390625 0.04861111111111111
0 0.384375 0.3138888888888889 0.03359375 0.027777777777777776
0 0.34765625 0.3 0.02109375 0.027777777777777776
