0 0.499609375 0.34444444444444444 0.99921875 0.6861111111111111
0 0.181640625 0.2520833333333333 0.0203125 0.022222222222222223
0 0.7609375 0.31527777777777777 0.0421875 0.029166666666666667
0 0.523046875 0.47847222222222224 0.0203125 0.03194444444444444
0 0.31640625 0.45694444444444443 0.05859375 0.029166666666666667
0 0.3671875 0.18680555555555556 0.1125 0.1
0 0.27734375 0.5805555555555556 0.05078125 0.027777777777777776
0 0.596875 0.47638888888888886 0.05078125 0.04027777777777778
0 0.730859375 0.39861111111111114 0.0234375 0.025
0 0.710546875 0.41875 0.02265625 0.02361111111111111
0 0.627734375 0.33125 0.02109375 0.034722222222222224
0 0.357421875 0.48680555555555555 0.04140625 0.030555555555555555
0 0.5 0.7388888888888889 1 0.5194444444444445
0 0.395703125 0.525 0.03828125 0.016666666666666666
0 0.0578125 0.47291666666666665 0.02109375 0.03611111111111111
0 0.744140625 0.4465277777777778 0.040625 0.022222222222222223
0 0.869140625 0.36319444444444443 0.04140625 0.018055555555555554
0 0.525 0.30972222222222223 0.03046875 0.027777777777777776
0 0.67578125 0.31875 0.02421875 0.015277777777777777
