0 0.5 0.5743055555555555 0.9984375 0.8513888888888889
0 0.010546875 0.3104166666666667 0.01953125 0.04861111111111111
0 0.567578125 0.1736111111111111 0.01015625 0.05555555555555555
0 0.428515625 0.6111111111111112 0.02734375 0.030555555555555555
0 0.677734375 0.3645833333333333 0.0359375 0.020833333333333332
0 0.262109375 0.5180555555555556 0.02578125 0.03333333333333333
0 0.616015625 0.36180555555555555 0.01640625 0.015277777777777777
0 0.82265625 0.32222222222222224 0.01328125 0.022222222222222223
0 0.941015625 0.3854166666666667 0.01875 0.020833333333333332
0 0.677734375 0.24930555555555556 0.0140625 0.02361111111111111
0 0.622265625 0.3333333333333333 0.0125 0.020833333333333332
0 0.111328125 0.25972222222222224 0.06171875 0.05694444444444444
0 0.381640625 0.2298611111111111 0.1609375 0.0875
0 0.61875 0.24166666666666667 0.03984375 0.018055555555555554
0 0.320703125 0.4041666666666667 0.29140625 0.09861111111111111
0 0.5640625 0.3951388888888889 0.05625 0.04583333333333333
0 0.5 0.12152777777777778 0.9984375 0.24305555555555555
0 0.9734375 0.6451388888888889 0.0515625 0.07361111111111111
