0 0.5 0.5229166666666667 0.9984375 0.9541666666666667
0 0.34140625 0.2652777777777778 0.0390625 0.022222222222222223
0 0.499609375 0.33194444444444443 0.04609375 0.09166666666666666
0 0.257421875 0.8847222222222222 0.02109375 0.041666666666666664
0 0.723828125 0.3736111111111111 0.1015625 0.04722222222222222
0 0.78203125 0.7798611111111111 0.06328125 0.0375
0 0.548828125 0.4152777777777778 0.01953125 0.027777777777777776
0 0.023828125 0.7416666666666667 0.04609375 0.041666666666666664
0 0.133984375 0.45694444444444443 0.08359375 0.08472222222222223
0 0.5 0.09513888888888888 0.9984375 0.19027777777777777
0 0.301953125 0.3020833333333333 0.03515625 0.043055555555555555
0 0.26875 0.2722222222222222 0.046875 0.03194444444444444
