0 0.5 0.5 0.9984375 0.9972222222222222
0 0.555078125 0.5798611111111112 0.034375 0.03888888888888889
0 0.40625 0.9104166666666667 0.08828125 0.05
0 0.069921875 0.9319444444444445 0.0296875 0.04583333333333333
0 0.60546875 0.5131944444444444 0.259375 0.2847222222222222
0 0.808984375 0.40625 0.0796875 0.04027777777777778
0 0.2484375 0.975 0.0453125 0.044444444444444446
0 0.465625 0.7041666666666667 0.0296875 0.03888888888888889
0 0.590234375 0.6340277777777777 0.05546875 0.05555555555555555
0 0.46328125 0.8569444444444444 0.06328125 0.05
0 0.8359375 0.9527777777777777 0.3265625 0.09166666666666666
0 0.69140625 0.24930555555555556 0.1046875 0.1125
0 0.734765625 0.6604166666666667 0.05859375 0.10555555555555556
0 0.965625 0.74375 0.06796875 0.06388888888888888
0 0.449609375 0.825 0.05859375 0.03888888888888889
0 0.983203125 0.26319444444444445 0.03203125 0.06805555555555555
