0 0.499609375 0.375 0.99921875 0.7472222222222222
0 0.8625 0.44027777777777777 0.025 0.02638888888888889
0 0.12578125 0.48541666666666666 0.02265625 0.025
0 0.14296875 0.3416666666666667 0.01640625 0.025
0 0.085546875 0.3576388888888889 0.01796875 0.027777777777777776
0 0.505078125 0.37916666666666665 0.08828125 0.058333333333333334
0 0.9640625 0.3423611111111111 0.01796875 0.0375
0 0.95546875 0.6993055555555555 0.0875 0.07083333333333333
0 0.655078125 0.6881944444444444 0.07734375 0.10138888888888889
0 0.5046875 0.6972222222222222 0.0625 0.05555555555555555
0 0.311328125 0.6798611111111111 0.07421875 0.11527777777777778
0 0.896484375 0.6368055555555555 0.20390625 0.08611111111111111
0 0.1421875 0.2777777777777778 0.04296875 0.05277777777777778
0 0.853125 0.1701388888888889 0.05078125 0.06944444444444445
0 0.51328125 0.4777777777777778 0.03671875 0.0375
0 0.5 0.8694444444444445 1 0.25833333333333336
0 0.469921875 0.2611111111111111 0.0484375 0.06944444444444445
0 0.22578125 0.3840277777777778 0.02890625 0.04583333333333333
0 0.554296875 0.45902777777777776 0.02578125 0.019444444444444445
0 0.373828125 0.4791666666666667 0.03671875 0.03611111111111111
0 0.540625 0.5263888888888889 0.046875 0.022222222222222223
0 0.668359375 0.5069444444444444 0.21328125 0.12361111111111112
