0 0.5 0.3888888888888889 0.9984375 0.775
0 0.1546875 0.4125 0.16953125 0.1
0 0.5953125 0.5979166666666667 0.13984375 0.09583333333333334
0 0.62109375 0.4638888888888889 0.29765625 0.12222222222222222
0 0.968359375 0.4888888888888889 0.06171875 0.1527777777777778
0 0.8890625 0.10069444444444445 0.015625 0.03888888888888889
0 0.05625 0.6152777777777778 0.1109375 0.03611111111111111
0 0.76328125 0.027777777777777776 0.2171875 0.05277777777777778
0 0.5 0.8208333333333333 0.9984375 0.35555555555555557
0 0.176171875 0.5923611111111111 0.02421875 0.016666666666666666
0 0.748828125 0.60625 0.02890625 0.013888888888888888
0 0.28046875 0.5708333333333333 0.0375 0.008333333333333333
