0 0.5 0.5 0.9984375 1
0 0.383203125 0.14652777777777778 0.0390625 0.06944444444444445
0 0.46796875 0.11527777777777778 0.08203125 0.030555555555555555
0 0.0734375 0.09236111111111112 0.07265625 0.0763888888888889
0 0.038671875 0.22291666666666668 0.05 0.08611111111111111
0 0.361328125 0.10625 0.08125 0.06388888888888888
0 0.241015625 0.11944444444444445 0.02265625 0.05138888888888889
0 0.825 0.04027777777777778 0.0375 0.03888888888888889
0 0.15625 0.3597222222222222 0.0171875 0.04861111111111111
0 0.22578125 0.20555555555555555 0.01484375 0.022222222222222223
0 0.305859375 0.4777777777777778 0.03828125 0.10694444444444444
0 0.517578125 0.9055555555555556 0.125 0.12777777777777777
0 0.697265625 0.034027777777777775 0.03828125 0.043055555555555555
