0 0.499609375 0.4013888888888889 0.99921875 0.8
0 0.578515625 0.5375 0.03984375 0.05
0 0.29609375 0.1375 0.06015625 0.075
0 0.0625 0.5819444444444445 0.02265625 0.034722222222222224
0 0.010546875 0.6354166666666666 0.02109375 0.02638888888888889
0 0.7203125 0.5895833333333333 0.06484375 0.05138888888888889
0 0.369921875 0.5930555555555556 0.02109375 0.03194444444444444
0 0.012109375 0.22013888888888888 0.0234375 0.10416666666666667
0 0.871875 0.6659722222222222 0.07734375 0.06944444444444445
0 0.299609375 0.19027777777777777 0.02734375 0.03888888888888889
0 0.397265625 0.6430555555555556 0.053125 0.058333333333333334
0 0.341015625 0.5430555555555555 0.0765625 0.06527777777777778
0 0.109375 0.10972222222222222 0.09375 0.05694444444444444
0 0.21640625 0.6618055555555555 0.03984375 0.04027777777777778
0 0.026953125 0.6930555555555555 0.0484375 0.0375
0 0.719140625 0.6756944444444445 0.04140625 0.06388888888888888
0 0.5 0.8715277777777778 1 0.25416666666666665
