0 0.5 0.5 0.9984375 1
0 0.206640625 0.39305555555555555 0.034375 0.02361111111111111
0 0.278125 0.725 0.021875 0.03888888888888889
0 0.141015625 0.9493055555555555 0.06953125 0.04722222222222222
0 0.15078125 0.39305555555555555 0.01640625 0.03194444444444444
0 0.497265625 0.16805555555555557 0.0515625 0.025
0 0.31171875 0.3104166666666667 0.08125 0.027777777777777776
0 0.75546875 0.32013888888888886 0.02890625 0.016666666666666666
0 0.317578125 0.7555555555555555 0.10234375 0.03888888888888889
0 0.623046875 0.07361111111111111 0.0296875 0.019444444444444445
0 0.16640625 0.7104166666666667 0.04140625 0.058333333333333334
0 0.78671875 0.09444444444444444 0.028125 0.018055555555555554
0 0.0234375 0.9520833333333333 0.0453125 0.059722222222222225
0 0.7140625 0.7 0.01796875 0.03194444444444444
0 0.79375 0.6472222222222223 0.05859375 0.04722222222222222
0 0.022265625 0.4951388888888889 0.04296875 0.06805555555555555
0 0.58046875 0.24097222222222223 0.0171875 0.0375
0 0.38046875 0.5347222222222222 0.06484375 0.04861111111111111
0 0.346875 0.8743055555555556 0.08984375 0.10277777777777777
0 0.271484375 0.55625 0.05703125 0.04861111111111111
0 0.2890625 0.13819444444444445 0.5765625 0.2763888888888889
0 0.859765625 0.19027777777777777 0.01484375 0.02638888888888889
0 0.8984375 0.06875 0.0421875 0.027777777777777776
0 0.588671875 0.6618055555555555 0.04921875 0.04861111111111111
0 0.79453125 0.22708333333333333 0.01875 0.015277777777777777
0 0.673046875 0.21041666666666667 0.00859375 0.015277777777777777
0 0.892578125 0.10694444444444444 0.0265625 0.019444444444444445
0 0.759375 0.32569444444444445 0.00625 0.013888888888888888
0 0.96875 0.034027777777777775 0.01328125 0.0125
0 0.7859375 0.275 0.02421875 0.018055555555555554
0 0.639453125 0.04513888888888889 0.01953125 0.015277777777777777
0 0.19296875 0.9430555555555555 0.01875 0.02361111111111111
0 0.325390625 0.5395833333333333 0.0375 0.03333333333333333
0 0.859375 0.08402777777777778 0.01796875 0.020833333333333332
0 0.41484375 0.4888888888888889 0.02109375 0.03888888888888889
0 0.6671875 0.1625 0.02578125 0.019444444444444445
0 0.653125 0.21875 0.0125 0.02638888888888889
0 0.434765625 0.4173611111111111 0.084375 0.0625
