0 0.499609375 0.5013888888888889 0.99921875 0.9944444444444445
0 0.873828125 0.13680555555555557 0.025 0.029166666666666667
0 0.783203125 0.3159722222222222 0.1390625 0.08055555555555556
0 0.529296875 0.6645833333333333 0.03046875 0.03888888888888889
0 0.751953125 0.17152777777777778 0.06015625 0.03194444444444444
0 0.990625 0.058333333333333334 0.00859375 0.015277777777777777
0 0.755078125 0.8555555555555555 0.02890625 0.07222222222222222
0 0.50703125 0.21458333333333332 0.11875 0.015277777777777777
0 0.41328125 0.1486111111111111 0.1359375 0.10694444444444444
0 0.38515625 0.2520833333333333 0.26171875 0.09722222222222222
0 0.06484375 0.23819444444444443 0.10546875 0.1597222222222222
0 0.958984375 0.14444444444444443 0.028125 0.03333333333333333
0 0.025 0.8291666666666667 0.05 0.0875
0 0.030078125 0.6611111111111111 0.06015625 0.0375
0 0.09296875 0.8347222222222223 0.04765625 0.06527777777777778
0 0.47890625 0.06875 0.9578125 0.1375
0 0.80078125 0.16319444444444445 0.01640625 0.015277777777777777
0 0.183203125 0.5090277777777777 0.01640625 0.022222222222222223
0 0.701171875 0.1840277777777778 0.0390625 0.011111111111111112
0 0.215625 0.65625 0.29609375 0.2388888888888889
