0 0.5 0.5 0.9984375 1
0 0.488671875 0.5965277777777778 0.02109375 0.025
0 0.19765625 0.17083333333333334 0.13984375 0.0763888888888889
0 0.244140625 0.84375 0.03046875 0.05416666666666667
0 0.601953125 0.02847222222222222 0.14140625 0.05694444444444444
0 0.957421875 0.12569444444444444 0.08359375 0.12083333333333333
0 0.631640625 0.11527777777777778 0.28203125 0.09861111111111111
0 0.96171875 0.05486111111111111 0.075 0.06944444444444445
0 0.980078125 0.8180555555555555 0.03828125 0.07777777777777778
0 0.85703125 0.5819444444444445 0.2703125 0.24305555555555555
0 0.789453125 0.6951388888888889 0.04296875 0.0625
