0 0.5 0.5381944444444444 0.9984375 0.9236111111111112
0 0.507421875 0.5083333333333333 0.0359375 0.0375
0 0.928515625 0.47847222222222224 0.09375 0.07083333333333333
0 0.3 0.3715277777777778 0.11171875 0.04861111111111111
0 0.5890625 0.4965277777777778 0.10625 0.18472222222222223
0 0.089453125 0.15625 0.02265625 0.02638888888888889
0 0.384375 0.18055555555555555 0.0390625 0.025
0 0.19140625 0.3527777777777778 0.028125 0.022222222222222223
0 0.739453125 0.7222222222222222 0.04921875 0.05138888888888889
0 0.388671875 0.3819444444444444 0.040625 0.0375
0 0.44609375 0.3798611111111111 0.05 0.05416666666666667
0 0.26015625 0.4423611111111111 0.0484375 0.04861111111111111
0 0.5 0.09375 0.9984375 0.1875
0 0.7296875 0.4777777777777778 0.05078125 0.02361111111111111
0 0.210546875 0.38958333333333334 0.0765625 0.05
