0 0.499609375 0.6104166666666667 0.99921875 0.7763888888888889
0 0.694921875 0.6152777777777778 0.06796875 0.08333333333333333
0 0.046484375 0.9784722222222222 0.03671875 0.04027777777777778
0 0.678125 0.6451388888888889 0.03984375 0.030555555555555555
0 0.93828125 0.4756944444444444 0.121875 0.04027777777777778
0 0.32734375 0.8125 0.07890625 0.15833333333333333
0 0.499609375 0.19722222222222222 0.99921875 0.39444444444444443
0 0.032421875 0.4486111111111111 0.05 0.019444444444444445
0 0.917578125 0.40347222222222223 0.02734375 0.019444444444444445
0 0.700390625 0.49722222222222223 0.0125 0.016666666666666666
0 0.152734375 0.2951388888888889 0.01640625 0.02638888888888889
0 0.0484375 0.36041666666666666 0.01640625 0.02361111111111111
0 0.744140625 0.3972222222222222 0.0125 0.009722222222222222
