0 0.5 0.5916666666666667 0.9984375 0.8166666666666667
0 0.2875 0.6354166666666666 0.0859375 0.07083333333333333
0 0.13515625 0.3486111111111111 0.1484375 0.06805555555555555
0 0.385546875 0.7208333333333333 0.04765625 0.06805555555555555
0 0.465625 0.7715277777777778 0.053125 0.08055555555555556
0 0.90390625 0.8805555555555555 0.0921875 0.05
0 0.809765625 0.6694444444444444 0.03125 0.04027777777777778
0 0.655078125 0.5048611111111111 0.021875 0.0875
0 0.796875 0.35833333333333334 0.37109375 0.20277777777777778
0 0.51640625 0.6041666666666666 0.1109375 0.18888888888888888
0 0.5 0.17916666666666667 0.9984375 0.35833333333333334
0 0.351171875 0.5805555555555556 0.02109375 0.022222222222222223
0 0.9734375 0.7736111111111111 0.0296875 0.04861111111111111
0 0.4234375 0.8361111111111111 0.03984375 0.03194444444444444
0 0.338671875 0.7486111111111111 0.03828125 0.05416666666666667
0 0.367578125 0.7805555555555556 0.046875 0.05416666666666667
0 0.326171875 0.91875 0.06953125 0.09444444444444444
0 0.42890625 0.6 0.05859375 0.03611111111111111
0 0.64296875 0.44166666666666665 0.02890625 0.03333333333333333
0 0.56171875 0.3173611111111111 0.0875 0.06805555555555555
0 0.303515625 0.8770833333333333 0.003125 0.006944444444444444
0 0.9703125 0.6409722222222223 0.0578125 0.04583333333333333
0 0.30859375 0.7854166666666667 0.06953125 0.058333333333333334
0 0.77421875 0.42569444444444443 0.03203125 0.044444444444444446
0 0.50390625 0.7701388888888889 0.0328125 0.043055555555555555
0 0.398046875 0.44166666666666665 0.0375 0.041666666666666664
0 0.27421875 0.7236111111111111 0.04765625 0.06527777777777778
0 0.73671875 0.7354166666666667 0.04140625 0.0625
0 0.671875 0.9111111111111111 0.0546875 0.09027777777777778
0 0.22578125 0.7888888888888889 0.0640625 0.0625
0 0.784375 0.5763888888888888 0.03203125 0.044444444444444446
0 0.645703125 0.35694444444444445 0.06015625 0.06527777777777778
0 0.42890625 0.38472222222222224 0.05703125 0.029166666666666667
0 0.25 0.3993055555555556 0.1625 0.15833333333333333
0 0.23125 0.3416666666666667 0.00625 0.002777777777777778
