0 0.499609375 0.37777777777777777 0.99921875 0.7527777777777778
0 0.208984375 0.46875 0.02109375 0.05416666666666667
0 0.2484375 0.04375 0.13203125 0.08194444444444444
0 0.8359375 0.4840277777777778 0.06171875 0.06111111111111111
0 0.327734375 0.6659722222222222 0.05859375 0.03611111111111111
0 0.719140625 0.42083333333333334 0.03984375 0.058333333333333334
0 0.60078125 0.42986111111111114 0.0484375 0.05277777777777778
0 0.0953125 0.5229166666666667 0.12578125 0.07222222222222222
0 0.81328125 0.5958333333333333 0.0421875 0.05277777777777778
0 0.4953125 0.4201388888888889 0.084375 0.06527777777777778
0 0.329296875 0.5763888888888888 0.04375 0.06388888888888888
0 0.1296875 0.6027777777777777 0.06484375 0.0375
0 0.509375 0.5534722222222223 0.06640625 0.04861111111111111
0 0.066796875 0.675 0.06484375 0.04583333333333333
0 0.45546875 0.48819444444444443 0.04765625 0.041666666666666664
0 0.5 0.8472222222222222 1 0.30277777777777776
