0 0.5 0.3854166666666667 0.9984375 0.7680555555555556
0 0.283984375 0.5131944444444444 0.0359375 0.034722222222222224
0 0.669921875 0.40625 0.11640625 0.10416666666666667
0 0.55 0.022916666666666665 0.0265625 0.03888888888888889
0 0.440625 0.4361111111111111 0.04375 0.11388888888888889
0 0.58671875 0.16319444444444445 0.04375 0.075
0 0.3640625 0.5020833333333333 0.03125 0.03333333333333333
0 0.480859375 0.31527777777777777 0.0234375 0.04027777777777778
0 0.033984375 0.25069444444444444 0.06640625 0.0875
0 0.801171875 0.35555555555555557 0.09609375 0.05
0 0.2296875 0.46319444444444446 0.0328125 0.02638888888888889
0 0.5 0.8166666666666667 0.9984375 0.3638888888888889
0 0.538671875 0.4409722222222222 0.03359375 0.013888888888888888
0 0.194921875 0.49930555555555556 0.04921875 0.02361111111111111
