0 0.5 0.5527777777777778 0.9984375 0.8944444444444445
0 0.939453125 0.4708333333333333 0.05390625 0.12222222222222222
0 0.990625 0.26875 0.01015625 0.019444444444444445
0 0.68359375 0.8180555555555555 0.0546875 0.0625
0 0.905078125 0.4305555555555556 0.0359375 0.059722222222222225
0 0.018359375 0.6375 0.03515625 0.1
0 0.834375 0.3875 0.084375 0.05
0 0.63515625 0.40555555555555556 0.05703125 0.07777777777777778
0 0.324609375 0.33819444444444446 0.32109375 0.20555555555555555
0 0.773828125 0.3763888888888889 0.040625 0.05416666666666667
0 0.712890625 0.775 0.0234375 0.027777777777777776
0 0.380859375 0.47430555555555554 0.0359375 0.034722222222222224
0 0.9203125 0.9034722222222222 0.1015625 0.10694444444444444
0 0.25625 0.8236111111111111 0.03359375 0.05138888888888889
0 0.880859375 0.6444444444444445 0.04296875 0.03888888888888889
0 0.31875 0.46041666666666664 0.0890625 0.058333333333333334
0 0.472265625 0.5375 0.06953125 0.041666666666666664
0 0.844921875 0.6951388888888889 0.06015625 0.0875
0 0.13515625 0.325 0.05546875 0.030555555555555555
0 0.984375 0.5319444444444444 0.0296875 0.027777777777777776
0 0.211328125 0.8631944444444445 0.0390625 0.06805555555555555
0 0.5 0.20555555555555555 0.9984375 0.4111111111111111
0 0.412109375 0.7722222222222223 0.0375 0.043055555555555555
0 0.214453125 0.5159722222222223 0.0328125 0.022222222222222223
0 0.041796875 0.49375 0.0671875 0.041666666666666664
0 0.631640625 0.7006944444444444 0.05078125 0.07361111111111111
0 0.39140625 0.6069444444444444 0.02578125 0.025
0 0.8 0.59375 0.07734375 0.07916666666666666
0 0.595703125 0.9118055555555555 0.046875 0.05555555555555555
0 0.372265625 0.9138888888888889 0.03828125 0.044444444444444446
0 0.152734375 0.7395833333333334 0.11875 0.06805555555555555
0 0.067578125 0.8138888888888889 0.04296875 0.03888888888888889
0 0.853125 0.9395833333333333 0.0640625 0.0763888888888889
0 0.307421875 0.8923611111111112 0.06796875 0.0625
0 0.360546875 0.7638888888888888 0.04296875 0.05
0 0.7546875 0.5972222222222222 0.05625 0.08888888888888889
0 0.523046875 0.9222222222222223 0.03515625 0.034722222222222224
0 0.14140625 0.6923611111111111 0.03203125 0.07361111111111111
0 0.2890625 0.8145833333333333 0.0359375 0.07361111111111111
0 0.269921875 0.7131944444444445 0.03515625 0.04722222222222222
0 0.3140625 0.6604166666666667 0.04453125 0.059722222222222225
0 0.26328125 0.5923611111111111 0.0375 0.041666666666666664
0 0.29765625 0.6048611111111111 0.021875 0.034722222222222224
0 0.67890625 0.6194444444444445 0.06171875 0.029166666666666667
0 0.746484375 0.6930555555555555 0.06015625 0.07361111111111111
0 0.426953125 0.7041666666666667 0.04140625 0.02638888888888889
0 0.696484375 0.3638888888888889 0.034375 0.029166666666666667
0 0.76796875 0.4798611111111111 0.19765625 0.09166666666666666
