0 0.559375 0.4652777777777778 0.8796875 0.9277777777777778
0 0.7328125 0.5222222222222223 0.08671875 0.05138888888888889
0 0.75859375 0.3972222222222222 0.0140625 0.034722222222222224
0 0.110546875 0.7083333333333334 0.0390625 0.03194444444444444
0 0.75546875 0.25763888888888886 0.40703125 0.35
0 0.922265625 0.8034722222222223 0.01015625 0.018055555555555554
0 0.6015625 0.7229166666666667 0.02890625 0.04583333333333333
0 0.788671875 0.425 0.0515625 0.04722222222222222
0 0.03046875 0.5979166666666667 0.0265625 0.043055555555555555
0 0.736328125 0.6798611111111111 0.0875 0.05
0 0.078515625 0.16875 0.10546875 0.16527777777777777
0 0.6859375 0.42777777777777776 0.09453125 0.06666666666666667
0 0.12578125 0.6652777777777777 0.03828125 0.04861111111111111
0 0.9265625 0.3993055555555556 0.05546875 0.04861111111111111
0 0.078125 0.6097222222222223 0.03671875 0.0375
0 0.204296875 0.45416666666666666 0.028125 0.02361111111111111
0 0.655078125 0.6923611111111111 0.04375 0.041666666666666664
0 0.5 0.5 0.9984375 0.9972222222222222
0 0.347265625 0.0763888888888889 0.09765625 0.12638888888888888
0 0.96328125 0.5 0.05625 0.04027777777777778
0 0.460546875 0.16597222222222222 0.05234375 0.04722222222222222
0 0.47734375 0.21388888888888888 0.0484375 0.05416666666666667
0 0.29453125 0.6208333333333333 0.02265625 0.03333333333333333
0 0.325 0.46805555555555556 0.059375 0.05138888888888889
0 0.92734375 0.3506944444444444 0.11328125 0.06666666666666667
0 0.746875 0.4444444444444444 0.0375 0.05694444444444444
0 0.04453125 0.3145833333333333 0.08203125 0.059722222222222225
0 0.891015625 0.5798611111111112 0.02265625 0.0375
0 0.141796875 0.08194444444444444 0.19609375 0.1625
0 0.40078125 0.3298611111111111 0.06640625 0.10555555555555556
0 0.46171875 0.12569444444444444 0.05234375 0.0625
0 0.382421875 0.4083333333333333 0.03359375 0.0375
0 0.51484375 0.3194444444444444 0.0609375 0.07222222222222222
0 0.36796875 0.28125 0.0640625 0.0625
0 0.8578125 0.6263888888888889 0.01796875 0.02361111111111111
0 0.184765625 0.3229166666666667 0.03671875 0.030555555555555555
