0 0.5 0.5381944444444444 0.9984375 0.9236111111111112
0 0.790234375 0.4798611111111111 0.10859375 0.0763888888888889
0 0.919921875 0.8305555555555556 0.06484375 0.07083333333333333
0 0.925 0.5777777777777777 0.11640625 0.08055555555555556
0 0.601953125 0.5875 0.03125 0.03888888888888889
0 0.451171875 0.7097222222222223 0.071875 0.0375
0 0.588671875 0.7694444444444445 0.075 0.05
0 0.676171875 0.7006944444444444 0.0203125 0.06666666666666667
0 0.5 0.2048611111111111 0.9984375 0.4097222222222222
0 0.033203125 0.8743055555555556 0.0625 0.09166666666666666
0 0.11328125 0.8583333333333333 0.08515625 0.07361111111111111
0 0.772265625 0.3020833333333333 0.03984375 0.04027777777777778
0 0.7390625 0.5388888888888889 0.0328125 0.027777777777777776
