0 0.498828125 0.65 0.99765625 0.6986111111111111
0 0.361328125 0.7395833333333334 0.08984375 0.07777777777777778
0 0.179296875 0.6798611111111111 0.0203125 0.02638888888888889
0 0.063671875 0.5569444444444445 0.01875 0.0125
0 0.274609375 0.38958333333333334 0.04921875 0.018055555555555554
0 0.599609375 0.48819444444444443 0.05078125 0.019444444444444445
0 0.50234375 0.48680555555555555 0.009375 0.013888888888888888
0 0.359765625 0.47152777777777777 0.046875 0.03194444444444444
0 0.499609375 0.2569444444444444 0.99921875 0.5138888888888888
0 0.7421875 0.5090277777777777 0.04140625 0.016666666666666666
0 0.493359375 0.9430555555555555 0.03203125 0.034722222222222224
0 0.520703125 0.6361111111111111 0.0171875 0.030555555555555555
0 0.623828125 0.6194444444444445 0.01953125 0.03333333333333333
0 0.8875 0.5840277777777778 0.071875 0.025
