0 0.499609375 0.37916666666666665 0.99921875 0.7555555555555555
0 0.28203125 0.34097222222222223 0.01875 0.025
0 0.973828125 0.44930555555555557 0.015625 0.020833333333333332
0 0.229296875 0.4909722222222222 0.0203125 0.027777777777777776
0 0.15 0.1986111111111111 0.09765625 0.10277777777777777
0 0.638671875 0.3798611111111111 0.06640625 0.04861111111111111
0 0.058203125 0.6326388888888889 0.028125 0.022222222222222223
0 0.224609375 0.3611111111111111 0.01796875 0.02638888888888889
0 0.559765625 0.7111111111111111 0.0640625 0.06111111111111111
0 0.926953125 0.6493055555555556 0.14453125 0.0763888888888889
0 0.7046875 0.6923611111111111 0.0734375 0.09305555555555556
0 0.371484375 0.6979166666666666 0.07109375 0.09444444444444444
0 0.978125 0.7041666666666667 0.0421875 0.06944444444444445
0 0.63515625 0.2604166666666667 0.0359375 0.043055555555555555
0 0.737109375 0.50625 0.13046875 0.10555555555555556
0 0.622265625 0.4826388888888889 0.03359375 0.034722222222222224
0 0.626171875 0.5243055555555556 0.06015625 0.03611111111111111
0 0.5 0.8701388888888889 1 0.2569444444444444
0 0.48203125 0.48055555555555557 0.03515625 0.03611111111111111
0 0.359375 0.3875 0.021875 0.0375
