0 0.499609375 0.37777777777777777 0.99921875 0.7527777777777778
0 0.280078125 0.6569444444444444 0.08515625 0.09166666666666666
0 0.928515625 0.675 0.140625 0.10694444444444444
0 0.848046875 0.5569444444444445 0.30234375 0.21666666666666667
0 0.502734375 0.65 0.12421875 0.1638888888888889
0 0.562109375 0.18958333333333333 0.1 0.11527777777777778
0 0.082421875 0.21319444444444444 0.1421875 0.08055555555555556
0 0.06484375 0.09652777777777778 0.04296875 0.04861111111111111
0 0.634375 0.12777777777777777 0.06171875 0.06805555555555555
0 0.5 0.8611111111111112 1 0.275
0 0.327734375 0.15 0.39296875 0.2972222222222222
