0 0.499609375 0.5701388888888889 0.99921875 0.8569444444444444
0 0.838671875 0.5111111111111111 0.17734375 0.09027777777777778
0 0.229296875 0.7076388888888889 0.07265625 0.17777777777777778
0 0.343359375 0.6388888888888888 0.025 0.04722222222222222
0 0.6953125 0.7381944444444445 0.071875 0.09305555555555556
0 0.85703125 0.8944444444444445 0.04140625 0.04583333333333333
0 0.643359375 0.6868055555555556 0.02421875 0.04861111111111111
0 0.68671875 0.8861111111111111 0.03203125 0.044444444444444446
0 0.92109375 0.7625 0.02421875 0.029166666666666667
0 0.936328125 0.6951388888888889 0.04296875 0.05555555555555555
0 0.361328125 0.35625 0.0515625 0.04027777777777778
0 0.499609375 0.20902777777777778 0.99921875 0.41805555555555557
0 0.478515625 0.47152777777777777 0.02109375 0.03194444444444444
0 0.537890625 0.6048611111111111 0.04765625 0.044444444444444446
0 0.716796875 0.49166666666666664 0.025 0.018055555555555554
0 0.698046875 0.9680555555555556 0.04609375 0.04583333333333333
0 0.573828125 0.9305555555555556 0.18046875 0.1361111111111111
0 0.40390625 0.9201388888888888 0.2359375 0.15694444444444444
