0 0.5 0.5756944444444444 0.9984375 0.8486111111111111
0 0.8734375 0.7520833333333333 0.02109375 0.027777777777777776
0 0.943359375 0.7354166666666667 0.03984375 0.05
0 0.358203125 0.8076388888888889 0.021875 0.06388888888888888
0 0.58984375 0.5090277777777777 0.1296875 0.05555555555555555
0 0.821484375 0.32430555555555557 0.04609375 0.03333333333333333
0 0.19140625 0.6930555555555555 0.01640625 0.041666666666666664
0 0.34765625 0.7069444444444445 0.10546875 0.07222222222222222
0 0.3453125 0.36944444444444446 0.0390625 0.04861111111111111
0 0.5 0.17847222222222223 0.9984375 0.35694444444444445
0 0.785546875 0.6868055555555556 0.03828125 0.02638888888888889
0 0.658203125 0.4888888888888889 0.0140625 0.02638888888888889
0 0.14375 0.8208333333333333 0.0234375 0.022222222222222223
