0 0.5 0.5 1 0.9972222222222222
0 0.511328125 0.40347222222222223 0.02109375 0.025
0 0.80234375 0.8291666666666667 0.13984375 0.0763888888888889
0 0.755859375 0.15625 0.03046875 0.05416666666666667
0 0.398046875 0.9708333333333333 0.14296875 0.05555555555555555
0 0.041796875 0.8743055555555556 0.08359375 0.12083333333333333
0 0.368359375 0.8847222222222222 0.28203125 0.09861111111111111
0 0.03828125 0.9451388888888889 0.075 0.06944444444444445
0 0.019140625 0.18194444444444444 0.03828125 0.07777777777777778
0 0.14296875 0.41805555555555557 0.2703125 0.24305555555555555
0 0.210546875 0.30486111111111114 0.04296875 0.0625
