0 0.499609375 0.49930555555555556 0.99921875 0.9958333333333333
0 0.869921875 0.7722222222222223 0.01796875 0.025
0 0.72890625 0.4597222222222222 0.14765625 0.1111111111111111
0 0.603515625 0.6506944444444445 0.18125 0.0625
0 0.183203125 0.15069444444444444 0.23984375 0.23472222222222222
0 0.032421875 0.13194444444444445 0.05 0.07777777777777778
0 0.7640625 0.6291666666666667 0.09921875 0.05694444444444444
0 0.187109375 0.5645833333333333 0.21796875 0.1111111111111111
0 0.31875 0.8875 0.21328125 0.04861111111111111
0 0.7140625 0.69375 0.05625 0.04861111111111111
0 0.91875 0.5236111111111111 0.03203125 0.0375
0 0.435546875 0.2798611111111111 0.071875 0.07361111111111111
0 0.4578125 0.4340277777777778 0.0671875 0.08472222222222223
0 0.548828125 0.46458333333333335 0.10078125 0.09583333333333334
0 0.10859375 0.8208333333333333 0.053125 0.04027777777777778
0 0.334375 0.20555555555555555 0.08984375 0.09722222222222222
0 0.3671875 0.9395833333333333 0.734375 0.11805555555555555
0 0.807421875 0.44166666666666665 0.08046875 0.04027777777777778
