0 0.5 0.45416666666666666 0.9984375 0.9055555555555556
0 0.139453125 0.8055555555555556 0.0171875 0.022222222222222223
0 0.6421875 0.17430555555555555 0.02109375 0.03611111111111111
0 0.726171875 0.5097222222222222 0.10859375 0.034722222222222224
0 0.3046875 0.6416666666666667 0.06953125 0.04027777777777778
0 0.49296875 0.5569444444444445 0.04921875 0.10972222222222222
0 0.480078125 0.27361111111111114 0.053125 0.04583333333333333
0 0.666796875 0.31180555555555556 0.0421875 0.07916666666666666
0 0.5484375 0.45208333333333334 0.025 0.027777777777777776
0 0.281640625 0.5881944444444445 0.0359375 0.02361111111111111
0 0.08203125 0.3993055555555556 0.09921875 0.08611111111111111
0 0.859765625 0.4791666666666667 0.10390625 0.030555555555555555
0 0.5 0.88125 0.9984375 0.2375
0 0.591015625 0.5618055555555556 0.0328125 0.019444444444444445
0 0.2484375 0.625 0.04375 0.027777777777777776
