0 0.5 0.58125 0.9984375 0.8375
0 0.705859375 0.7388888888888889 0.07890625 0.1125
0 0.387109375 0.7895833333333333 0.0828125 0.2611111111111111
0 0.91796875 0.9465277777777777 0.15234375 0.0763888888888889
0 0.734375 0.8916666666666667 0.171875 0.10277777777777777
0 0.0546875 0.59375 0.0390625 0.03194444444444444
0 0.28359375 0.63125 0.05859375 0.06666666666666667
0 0.5 0.16111111111111112 0.9984375 0.3194444444444444
0 0.186328125 0.6152777777777778 0.06796875 0.06944444444444445
0 0.312890625 0.8159722222222222 0.03046875 0.05138888888888889
0 0.5296875 0.7541666666666667 0.053125 0.03888888888888889
0 0.0953125 0.7229166666666667 0.04609375 0.059722222222222225
0 0.060546875 0.64375 0.08125 0.058333333333333334
