0 0.5 0.6111111111111112 0.9984375 0.7777777777777778
0 0.276953125 0.8013888888888889 0.02109375 0.025
0 0.699609375 0.41597222222222224 0.034375 0.029166666666666667
0 0.219140625 0.75625 0.028125 0.03888888888888889
0 0.3515625 0.7798611111111111 0.01640625 0.030555555555555555
0 0.42890625 0.6006944444444444 0.01953125 0.027777777777777776
0 0.40078125 0.35 0.0984375 0.12361111111111112
0 0.93828125 0.24791666666666667 0.01328125 0.041666666666666664
0 0.0625 0.34375 0.10078125 0.1
0 0.703515625 0.2673611111111111 0.0203125 0.018055555555555554
0 0.22265625 0.33541666666666664 0.06953125 0.05138888888888889
0 0.909765625 0.5770833333333333 0.028125 0.025
0 0.01171875 0.6180555555555556 0.01640625 0.034722222222222224
0 0.957421875 0.9423611111111111 0.03515625 0.03611111111111111
0 0.755078125 0.3861111111111111 0.0359375 0.04722222222222222
0 0.5 0.13958333333333334 0.9984375 0.27361111111111114
0 0.042578125 0.5673611111111111 0.0734375 0.059722222222222225
0 0.1578125 0.6180555555555556 0.03125 0.034722222222222224
