0 0.5 0.5 0.9984375 1
0 0.4015625 0.2972222222222222 0.0828125 0.06944444444444445
0 0.653515625 0.8944444444444445 0.07109375 0.0763888888888889
0 0.88515625 0.575 0.0375 0.07222222222222222
0 0.288671875 0.17152777777777778 0.215625 0.18888888888888888
0 0.091796875 0.30486111111111114 0.18203125 0.30972222222222223
0 0.3984375 0.6409722222222223 0.05703125 0.09027777777777778
0 0.7234375 0.8326388888888889 0.109375 0.09166666666666666
0 0.111328125 0.4013888888888889 0.03671875 0.044444444444444446
0 0.42734375 0.4777777777777778 0.0375 0.02361111111111111
0 0.844140625 0.9409722222222222 0.17578125 0.11527777777777778
0 0.566015625 0.4909722222222222 0.03046875 0.0763888888888889
0 0.890234375 0.45 0.07890625 0.06666666666666667
0 0.89296875 0.10625 0.028125 0.03333333333333333
0 0.4546875 0.5333333333333333 0.06953125 0.030555555555555555
0 0.669140625 0.5284722222222222 0.03828125 0.0375
0 0.5546875 0.36180555555555555 0.20625 0.11527777777777778
0 0.96953125 0.011805555555555555 0.05859375 0.02361111111111111
0 0.311328125 0.075 0.62109375 0.14722222222222223
0 0.342578125 0.9256944444444445 0.06796875 0.06111111111111111
0 0.540234375 0.49166666666666664 0.05703125 0.08055555555555556
0 0.153515625 0.6840277777777778 0.04609375 0.03333333333333333
0 0.793359375 0.44513888888888886 0.0328125 0.044444444444444446
0 0.3578125 0.4875 0.05703125 0.06111111111111111
0 0.1203125 0.7791666666666667 0.04375 0.04861111111111111
0 0.85703125 0.3909722222222222 0.034375 0.0375
0 0.210546875 0.4951388888888889 0.1015625 0.10833333333333334
0 0.96953125 0.4673611111111111 0.02421875 0.02638888888888889
0 0.1109375 0.5631944444444444 0.028125 0.029166666666666667
0 0.253515625 0.95625 0.05625 0.05138888888888889
0 0.05546875 0.7791666666666667 0.0578125 0.06666666666666667
0 0.059375 0.5534722222222223 0.0625 0.044444444444444446
0 0.515625 0.6111111111111112 0.04765625 0.075
0 0.01328125 0.6506944444444445 0.025 0.0763888888888889
0 0.497265625 0.7145833333333333 0.03671875 0.02638888888888889
0 0.545703125 0.5895833333333333 0.02578125 0.034722222222222224
0 0.953515625 0.26180555555555557 0.01953125 0.015277777777777777
0 0.478515625 0.24444444444444444 0.03046875 0.030555555555555555
