0 0.499609375 0.48819444444444443 0.99921875 0.9736111111111111
0 0.540234375 0.4 0.04765625 0.04861111111111111
0 0.549609375 0.6590277777777778 0.05078125 0.1
0 0.32890625 0.6166666666666667 0.08984375 0.030555555555555555
0 0.376953125 0.44166666666666665 0.04140625 0.059722222222222225
0 0.362109375 0.24861111111111112 0.02421875 0.04027777777777778
0 0.91328125 0.49444444444444446 0.08984375 0.0875
0 0.237109375 0.15902777777777777 0.059375 0.034722222222222224
0 0.5 0.9111111111111111 1 0.175
0 0.755859375 0.6881944444444444 0.0328125 0.04027777777777778
0 0.79453125 0.7138888888888889 0.0359375 0.027777777777777776
