0 0.5 0.6284722222222222 0.9984375 0.7430555555555556
0 0.61328125 0.6583333333333333 0.11328125 0.08611111111111111
0 0.799609375 0.5944444444444444 0.01875 0.025
0 0.33125 0.4354166666666667 0.0546875 0.03611111111111111
0 0.423828125 0.4305555555555556 0.04921875 0.034722222222222224
0 0.5 0.22430555555555556 0.9984375 0.4486111111111111
0 0.05 0.5451388888888888 0.090625 0.04722222222222222
0 0.423828125 0.5784722222222223 0.025 0.04861111111111111
0 0.845703125 0.3298611111111111 0.021875 0.02361111111111111
0 0.582421875 0.4111111111111111 0.04453125 0.02638888888888889
0 0.308984375 0.5631944444444444 0.028125 0.03194444444444444
0 0.98125 0.47847222222222224 0.0359375 0.02638888888888889
0 0.491796875 0.8631944444444445 0.0390625 0.05
0 0.187109375 0.50625 0.02578125 0.025
0 0.723046875 0.4444444444444444 0.0234375 0.018055555555555554
0 0.16953125 0.46111111111111114 0.05078125 0.030555555555555555
