0 0.499609375 0.5520833333333334 0.99921875 0.8930555555555556
0 0.106640625 0.8534722222222222 0.0421875 0.06388888888888888
0 0.5734375 0.6979166666666666 0.03671875 0.030555555555555555
0 0.365625 0.7368055555555556 0.059375 0.1111111111111111
0 0.928125 0.6708333333333333 0.0265625 0.04027777777777778
0 0.181640625 0.40347222222222223 0.2765625 0.10972222222222222
0 0.7609375 0.13819444444444445 0.009375 0.05277777777777778
0 0.9015625 0.4048611111111111 0.02578125 0.0375
0 0.348046875 0.4930555555555556 0.040625 0.034722222222222224
0 0.504296875 0.9111111111111111 0.07421875 0.03611111111111111
0 0.1078125 0.6993055555555555 0.04140625 0.04583333333333333
0 0.070703125 0.5965277777777778 0.0359375 0.04583333333333333
0 0.499609375 0.13402777777777777 0.99921875 0.26805555555555555
