0 0.499609375 0.6138888888888889 0.99921875 0.7694444444444445
0 0.56875 0.46875 0.0171875 0.020833333333333332
0 0.448828125 0.8631944444444445 0.0953125 0.08194444444444444
0 0.57890625 0.6506944444444445 0.02578125 0.027777777777777776
0 0.91484375 0.4840277777777778 0.15703125 0.09722222222222222
0 0.512890625 0.6958333333333333 0.0234375 0.02638888888888889
0 0.15703125 0.27152777777777776 0.040625 0.02361111111111111
0 0.158203125 0.36875 0.0296875 0.029166666666666667
0 0.442578125 0.6673611111111111 0.0171875 0.03333333333333333
0 0.39453125 0.5201388888888889 0.01484375 0.022222222222222223
0 0.973828125 0.325 0.04609375 0.06111111111111111
0 0.4625 0.3034722222222222 0.08125 0.12083333333333333
0 0.6484375 0.2881944444444444 0.06796875 0.05
0 0.8015625 0.29375 0.08984375 0.09444444444444444
0 0.5 0.12361111111111112 0.9984375 0.24444444444444444
0 0.66328125 0.5284722222222222 0.02890625 0.03194444444444444
0 0.7859375 0.49027777777777776 0.08203125 0.058333333333333334
0 0.948046875 0.7930555555555555 0.04375 0.05138888888888889
0 0.57265625 0.6263888888888889 0.0171875 0.020833333333333332
0 0.975 0.5486111111111112 0.03203125 0.02361111111111111
0 0.858203125 0.5465277777777777 0.02734375 0.02638888888888889
0 0.106640625 0.3423611111111111 0.0484375 0.03888888888888889
0 0.91015625 0.5194444444444445 0.05 0.03194444444444444
0 0.81171875 0.5263888888888889 0.0296875 0.03611111111111111
