0 0.5 0.5 0.9984375 1
0 0.865625 0.5090277777777777 0.06015625 0.03611111111111111
0 0.2953125 0.3145833333333333 0.04609375 0.034722222222222224
0 0.394140625 0.35694444444444445 0.17265625 0.08194444444444444
0 0.134375 0.43125 0.0171875 0.020833333333333332
0 0.7953125 0.6611111111111111 0.03828125 0.04861111111111111
0 0.0890625 0.2986111111111111 0.07109375 0.030555555555555555
0 0.809375 0.8194444444444444 0.01953125 0.0375
0 0.7421875 0.4097222222222222 0.175 0.10138888888888889
0 0.5296875 0.12638888888888888 0.0140625 0.015277777777777777
0 0.65546875 0.1486111111111111 0.17734375 0.034722222222222224
0 0.687890625 0.6479166666666667 0.1453125 0.1388888888888889
0 0.30390625 0.18819444444444444 0.00859375 0.018055555555555554
0 0.252734375 0.3506944444444444 0.09296875 0.06111111111111111
0 0.42578125 0.21875 0.03203125 0.022222222222222223
0 0.15546875 0.25069444444444444 0.015625 0.020833333333333332
0 0.903515625 0.8770833333333333 0.121875 0.06805555555555555
0 0.944921875 0.26875 0.0453125 0.030555555555555555
0 0.18515625 0.16875 0.009375 0.0125
0 0.5046875 0.5756944444444444 0.07734375 0.06111111111111111
0 0.8046875 0.7104166666666667 0.0796875 0.059722222222222225
0 0.483984375 0.20416666666666666 0.05234375 0.05694444444444444
0 0.421875 0.46458333333333335 0.10859375 0.08333333333333333
0 0.26796875 0.4861111111111111 0.1484375 0.04583333333333333
0 0.578515625 0.6111111111111112 0.06953125 0.09583333333333334
0 0.2078125 0.45416666666666666 0.05390625 0.04027777777777778
0 0.50234375 0.48819444444444443 0.05078125 0.06388888888888888
0 0.8328125 0.21319444444444444 0.0625 0.02638888888888889
0 0.686328125 0.6590277777777778 0.14453125 0.0763888888888889
0 0.501171875 0.06597222222222222 0.99609375 0.13194444444444445
0 0.376171875 0.16875 0.009375 0.016666666666666666
0 0.350390625 0.12638888888888888 0.01484375 0.016666666666666666
0 0.94921875 0.17708333333333334 0.0421875 0.04027777777777778
0 0.26796875 0.12986111111111112 0.01328125 0.0125
0 0.697265625 0.25277777777777777 0.00859375 0.008333333333333333
0 0.658984375 0.2152777777777778 0.009375 0.013888888888888888
0 0.83203125 0.3173611111111111 0.00859375 0.016666666666666666
0 0.801171875 0.15138888888888888 0.0140625 0.013888888888888888
0 0.32734375 0.13472222222222222 0.009375 0.013888888888888888
0 0.123046875 0.37777777777777777 0.02109375 0.015277777777777777
0 0.552734375 0.5708333333333333 0.04453125 0.075
0 0.715234375 0.7701388888888889 0.1234375 0.11944444444444445
