0 0.499609375 0.49930555555555556 0.99921875 0.9986111111111111
0 0.06640625 0.24166666666666667 0.090625 0.07361111111111111
0 0.282421875 0.13055555555555556 0.05390625 0.018055555555555554
0 0.30703125 0.16597222222222222 0.0609375 0.03888888888888889
0 0.257421875 0.08402777777777778 0.04453125 0.034722222222222224
0 0.395703125 0.04375 0.0390625 0.034722222222222224
0 0.4 0.1451388888888889 0.03671875 0.05138888888888889
0 0.499609375 0.2847222222222222 0.0578125 0.05
0 0.661328125 0.29791666666666666 0.03671875 0.058333333333333334
0 0.15546875 0.08958333333333333 0.3109375 0.17916666666666667
0 0.230078125 0.13333333333333333 0.04296875 0.04722222222222222
0 0.595703125 0.2298611111111111 0.04921875 0.04583333333333333
0 0.50390625 0.052083333333333336 0.053125 0.02361111111111111
0 0.023828125 0.3423611111111111 0.04453125 0.04583333333333333
