0 0.499609375 0.5375 0.99921875 0.9222222222222223
0 0.197265625 0.22916666666666666 0.03203125 0.022222222222222223
0 0.816796875 0.4388888888888889 0.05 0.10972222222222222
0 0.577734375 0.4111111111111111 0.053125 0.03194444444444444
0 0.597265625 0.25416666666666665 0.06015625 0.018055555555555554
0 0.590625 0.46319444444444446 0.07109375 0.030555555555555555
0 0.6828125 0.8326388888888889 0.02109375 0.0375
0 0.709765625 0.4236111111111111 0.0375 0.025
0 0.652734375 0.9381944444444444 0.02734375 0.041666666666666664
0 0.635546875 0.31875 0.021875 0.018055555555555554
0 0.651953125 0.6784722222222223 0.05390625 0.07222222222222222
0 0.985546875 0.37777777777777777 0.02734375 0.027777777777777776
0 0.51875 0.21597222222222223 0.01015625 0.011111111111111112
0 0.76953125 0.5541666666666667 0.03046875 0.02638888888888889
0 0.903125 0.38125 0.0359375 0.03333333333333333
0 0.951171875 0.38263888888888886 0.02578125 0.022222222222222223
0 0.499609375 0.10902777777777778 0.99921875 0.21805555555555556
0 0.8765625 0.46111111111111114 0.02265625 0.020833333333333332
0 0.710546875 0.42291666666666666 0.040625 0.019444444444444445
0 0.451171875 0.47847222222222224 0.09921875 0.03888888888888889
0 0.2125 0.49027777777777776 0.05234375 0.05138888888888889
