0 0.5 0.3798611111111111 0.9984375 0.7569444444444444
0 0.28125 0.5493055555555556 0.02265625 0.015277777777777777
0 0.958203125 0.6319444444444444 0.0359375 0.03194444444444444
0 0.10625 0.5638888888888889 0.0375 0.022222222222222223
0 0.81953125 0.4388888888888889 0.0171875 0.029166666666666667
0 0.236328125 0.018055555555555554 0.078125 0.034722222222222224
0 0.081640625 0.5097222222222222 0.0359375 0.019444444444444445
0 0.63359375 0.3840277777777778 0.109375 0.08055555555555556
0 0.720703125 0.6652777777777777 0.05390625 0.019444444444444445
0 0.26171875 0.5347222222222222 0.03125 0.020833333333333332
0 0.831640625 0.6361111111111111 0.06640625 0.08472222222222223
0 0.469921875 0.46805555555555556 0.02890625 0.03333333333333333
0 0.3390625 0.06041666666666667 0.075 0.0625
0 0.641015625 0.5979166666666667 0.04921875 0.041666666666666664
0 0.44140625 0.5097222222222222 0.021875 0.0375
0 0.5 0.7840277777777778 0.9984375 0.42916666666666664
0 0.36640625 0.4791666666666667 0.0234375 0.027777777777777776
0 0.2484375 0.5708333333333333 0.040625 0.019444444444444445
0 0.9171875 0.68125 0.0203125 0.03194444444444444
0 0.494921875 0.21805555555555556 0.03515625 0.04861111111111111
0 0.3140625 0.47291666666666665 0.025 0.020833333333333332
