0 0.5 0.6604166666666667 0.9984375 0.6791666666666667
0 0.7984375 0.6881944444444444 0.02421875 0.027777777777777776
0 0.38515625 0.4895833333333333 0.04375 0.02638888888888889
0 0.249609375 0.5631944444444444 0.02578125 0.027777777777777776
0 0.706640625 0.39166666666666666 0.05 0.022222222222222223
0 0.612890625 0.7520833333333333 0.1171875 0.1125
0 0.915234375 0.5534722222222223 0.01796875 0.019444444444444445
0 0.2703125 0.5423611111111111 0.0234375 0.019444444444444445
0 0.208984375 0.5402777777777777 0.02578125 0.03611111111111111
0 0.431640625 0.5881944444444445 0.02578125 0.044444444444444446
0 0.625390625 0.48333333333333334 0.04375 0.044444444444444446
0 0.138671875 0.6055555555555555 0.046875 0.0375
0 0.071484375 0.5923611111111111 0.03828125 0.02361111111111111
0 0.4796875 0.9583333333333334 0.0359375 0.043055555555555555
0 0.5 0.25277777777777777 0.9984375 0.5027777777777778
0 0.926953125 0.4888888888888889 0.02109375 0.025
0 0.239453125 0.5201388888888889 0.03515625 0.013888888888888888
0 0.90234375 0.375 0.0171875 0.018055555555555554
0 0.10390625 0.6006944444444444 0.0328125 0.02638888888888889
0 0.307421875 0.6395833333333333 0.02265625 0.022222222222222223
0 0.45703125 0.6402777777777777 0.02578125 0.027777777777777776
0 0.3546875 0.6263888888888889 0.01796875 0.027777777777777776
0 0.753125 0.5090277777777777 0.021875 0.02361111111111111
