0 0.499609375 0.6194444444444445 0.99921875 0.7583333333333333
0 0.054296875 0.4979166666666667 0.01796875 0.019444444444444445
0 0.44140625 0.6055555555555555 0.0765625 0.041666666666666664
0 0.946875 0.3 0.1046875 0.09444444444444444
0 0.271484375 0.30833333333333335 0.08359375 0.12083333333333333
0 0.88203125 0.3263888888888889 0.22578125 0.10972222222222222
0 0.472265625 0.2875 0.07421875 0.06388888888888888
0 0.623046875 0.3020833333333333 0.0734375 0.09027777777777778
0 0.381640625 0.7284722222222222 0.04375 0.04861111111111111
0 0.143359375 0.5965277777777778 0.028125 0.034722222222222224
0 0.499609375 0.12569444444444444 0.99921875 0.25
0 0.31328125 0.5020833333333333 0.03359375 0.03194444444444444
0 0.782421875 0.8152777777777778 0.0515625 0.06527777777777778
0 0.4984375 0.5201388888888889 0.021875 0.02361111111111111
0 0.5875 0.4673611111111111 0.1234375 0.08333333333333333
0 0.478125 0.45555555555555555 0.0609375 0.02361111111111111
0 0.610546875 0.5173611111111112 0.028125 0.022222222222222223
0 0.460546875 0.5020833333333333 0.0296875 0.030555555555555555
