0 0.5 0.5 0.9984375 1
0 0.2390625 0.29583333333333334 0.059375 0.03888888888888889
0 0.266796875 0.6020833333333333 0.0671875 0.05
0 0.18671875 0.6715277777777777 0.02109375 0.03194444444444444
0 0.28203125 0.20416666666666666 0.03671875 0.027777777777777776
0 0.05546875 0.6784722222222223 0.06328125 0.07777777777777778
0 0.276953125 0.11319444444444444 0.11328125 0.1
0 0.15390625 0.07708333333333334 0.30625 0.15416666666666667
0 0.362890625 0.08263888888888889 0.04453125 0.02361111111111111
0 0.38828125 0.06041666666666667 0.03125 0.018055555555555554
0 0.059375 0.25833333333333336 0.03046875 0.034722222222222224
