0 0.499609375 0.475 0.99921875 0.9472222222222222
0 0.92890625 0.5416666666666666 0.0671875 0.0375
0 0.765625 0.4583333333333333 0.0859375 0.0625
0 0.021875 0.06875 0.04375 0.13194444444444445
0 0.631640625 0.4847222222222222 0.1609375 0.08611111111111111
0 0.850390625 0.5597222222222222 0.03984375 0.04722222222222222
0 0.401171875 0.1076388888888889 0.28671875 0.2125
0 0.735546875 0.5333333333333333 0.02421875 0.0375
0 0.713671875 0.5159722222222223 0.03359375 0.027777777777777776
0 0.721484375 0.30972222222222223 0.1546875 0.12083333333333333
0 0.51328125 0.27847222222222223 0.053125 0.06805555555555555
0 0.4328125 0.09305555555555556 0.075 0.1
0 0.594921875 0.30625 0.10078125 0.10138888888888889
0 0.304296875 0.4076388888888889 0.19921875 0.12222222222222222
0 0.5 0.8944444444444445 1 0.20833333333333334
0 0.02890625 0.5770833333333333 0.0578125 0.03333333333333333
0 0.098828125 0.7340277777777777 0.0375 0.03611111111111111
0 0.761328125 0.2611111111111111 0.0953125 0.07083333333333333
