0 0.499609375 0.5361111111111111 0.99921875 0.925
0 0.725 0.8805555555555555 0.0625 0.09166666666666666
0 0.83671875 0.2423611111111111 0.0328125 0.029166666666666667
0 0.078125 0.5090277777777777 0.08359375 0.043055555555555555
0 0.661328125 0.73125 0.05390625 0.05555555555555555
0 0.487890625 0.48125 0.03125 0.059722222222222225
0 0.3046875 0.5965277777777778 0.60390625 0.3972222222222222
0 0.87109375 0.7173611111111111 0.17421875 0.2777777777777778
0 0.556640625 0.7944444444444444 0.07109375 0.0625
0 0.878515625 0.4888888888888889 0.19296875 0.27361111111111114
0 0.74765625 0.4847222222222222 0.06484375 0.06805555555555555
0 0.675 0.6006944444444444 0.1046875 0.09583333333333334
0 0.58359375 0.46944444444444444 0.06328125 0.07916666666666666
0 0.40703125 0.6583333333333333 0.084375 0.04722222222222222
0 0.348828125 0.19305555555555556 0.03515625 0.03333333333333333
0 0.746484375 0.94375 0.08828125 0.05138888888888889
0 0.698828125 0.9541666666666667 0.13046875 0.08888888888888889
0 0.499609375 0.15625 0.99921875 0.3125
0 0.62265625 0.5166666666666667 0.04609375 0.041666666666666664
0 0.340625 0.6 0.0796875 0.06805555555555555
0 0.044921875 0.3993055555555556 0.03125 0.03194444444444444
0 0.572265625 0.6472222222222223 0.05859375 0.041666666666666664
0 0.375390625 0.8284722222222223 0.55234375 0.3347222222222222
