0 0.5 0.3784722222222222 0.9984375 0.7541666666666667
0 0.719921875 0.6569444444444444 0.08515625 0.09166666666666666
0 0.071484375 0.675 0.140625 0.10694444444444444
0 0.151953125 0.5569444444444445 0.30234375 0.21666666666666667
0 0.497265625 0.65 0.12421875 0.1638888888888889
0 0.437890625 0.18958333333333333 0.1 0.11527777777777778
0 0.917578125 0.21319444444444444 0.1421875 0.08055555555555556
0 0.93515625 0.09652777777777778 0.04296875 0.04861111111111111
0 0.365625 0.12777777777777777 0.06171875 0.06805555555555555
0 0.5 0.8611111111111112 0.9984375 0.275
0 0.672265625 0.15 0.39296875 0.2972222222222222
