0 0.499609375 0.325 0.99921875 0.6472222222222223
0 0.742578125 0.4125 0.03828125 0.03888888888888889
0 0.8109375 0.35694444444444445 0.0421875 0.043055555555555555
0 0.928515625 0.27152777777777776 0.046875 0.04583333333333333
0 0.363671875 0.5645833333333333 0.08203125 0.030555555555555555
0 0.9828125 0.37916666666666665 0.01640625 0.018055555555555554
0 0.051953125 0.44166666666666665 0.02578125 0.02361111111111111
0 0.93125 0.04236111111111111 0.04296875 0.06527777777777778
0 0.5 0.7666666666666667 1 0.4638888888888889
0 0.85859375 0.42430555555555555 0.015625 0.016666666666666666
0 0.429296875 0.3472222222222222 0.021875 0.027777777777777776
0 0.14140625 0.43819444444444444 0.01796875 0.020833333333333332
0 0.4828125 0.1909722222222222 0.084375 0.06666666666666667
0 0.513671875 0.30277777777777776 0.02109375 0.027777777777777776
0 0.556640625 0.5034722222222222 0.0390625 0.020833333333333332
0 0.4609375 0.5402777777777777 0.015625 0.016666666666666666
0 0.991015625 0.3194444444444444 0.01640625 0.03333333333333333
0 0.962890625 0.42291666666666666 0.0125 0.019444444444444445
0 0.30078125 0.25972222222222224 0.03203125 0.027777777777777776
0 0.800390625 0.4048611111111111 0.01328125 0.019444444444444445
0 0.532421875 0.48194444444444445 0.0375 0.016666666666666666
