0 0.499609375 0.4618055555555556 0.99921875 0.9208333333333333
0 0.359765625 0.4083333333333333 0.29609375 0.24305555555555555
0 0.15 0.19444444444444445 0.04921875 0.07222222222222222
0 0.65703125 0.7680555555555556 0.190625 0.1361111111111111
0 0.344140625 0.6625 0.1 0.06944444444444445
0 0.092578125 0.3020833333333333 0.03046875 0.06944444444444445
0 0.92109375 0.14791666666666667 0.15625 0.29305555555555557
0 0.5 0.7715277777777778 1 0.45416666666666666
0 0.03828125 0.13819444444444445 0.06328125 0.04861111111111111
0 0.20390625 0.4673611111111111 0.09375 0.0875
0 0.230078125 0.03263888888888889 0.0734375 0.0625
0 0.039453125 0.6777777777777778 0.01875 0.02638888888888889
0 0.08125 0.07361111111111111 0.08125 0.07083333333333333
0 0.659375 0.2965277777777778 0.6796875 0.5875
0 0.34609375 0.5479166666666667 0.09375 0.11527777777777778
0 0.4546875 0.1673611111111111 0.05 0.09583333333333334
0 0.519921875 0.05138888888888889 0.1203125 0.10138888888888889
0 0.342578125 0.7090277777777778 0.13203125 0.05
0 0.792578125 0.28541666666666665 0.14921875 0.18194444444444444
