0 0.499609375 0.6673611111111111 0.99921875 0.6625
0 0.728125 0.7243055555555555 0.05 0.03611111111111111
0 0.981640625 0.7368055555555556 0.03515625 0.02638888888888889
0 0.719921875 0.8145833333333333 0.00625 0.002777777777777778
0 0.72109375 0.8048611111111111 0.0203125 0.019444444444444445
0 0.85078125 0.8076388888888889 0.0328125 0.03194444444444444
0 0.746484375 0.7430555555555556 0.090625 0.07916666666666666
0 0.563671875 0.8104166666666667 0.1046875 0.058333333333333334
0 0.335546875 0.2152777777777778 0.021875 0.05694444444444444
0 0.838671875 0.54375 0.05 0.041666666666666664
0 0.51875 0.7104166666666667 0.0375 0.059722222222222225
0 0.508984375 0.6083333333333333 0.04765625 0.04583333333333333
0 0.421484375 0.7784722222222222 0.01484375 0.016666666666666666
0 0.03359375 0.6430555555555556 0.05625 0.029166666666666667
0 0.391796875 0.7472222222222222 0.040625 0.0125
0 0.2296875 0.5354166666666667 0.02890625 0.030555555555555555
0 0.499609375 0.32430555555555557 0.99921875 0.6486111111111111
