0 0.5 0.5604166666666667 0.9984375 0.8791666666666667
0 0.422265625 0.5347222222222222 0.140625 0.18611111111111112
0 0.123828125 0.4361111111111111 0.06015625 0.05277777777777778
0 0.851953125 0.5701388888888889 0.0484375 0.04583333333333333
0 0.344140625 0.5694444444444444 0.03984375 0.034722222222222224
0 0.720703125 0.4840277777777778 0.084375 0.06388888888888888
0 0.782421875 0.5784722222222223 0.09453125 0.04861111111111111
0 0.3859375 0.475 0.0265625 0.0375
0 0.06875 0.5180555555555556 0.05546875 0.059722222222222225
0 0.257421875 0.4305555555555556 0.05703125 0.05555555555555555
0 0.60390625 0.7423611111111111 0.046875 0.044444444444444446
0 0.5 0.10416666666666667 0.9984375 0.20833333333333334
0 0.55 0.5048611111111111 0.0421875 0.016666666666666666
0 0.95859375 0.59375 0.08125 0.059722222222222225
0 0.01796875 0.46875 0.034375 0.03194444444444444
