0 0.5 0.5270833333333333 0.9984375 0.9458333333333333
0 0.709765625 0.6666666666666666 0.3625 0.30694444444444446
0 0.86953125 0.3763888888888889 0.0328125 0.0375
0 0.90546875 0.34305555555555556 0.04375 0.027777777777777776
0 0.9859375 0.9645833333333333 0.0265625 0.07083333333333333
0 0.590625 0.2375 0.03046875 0.05
0 0.575390625 0.3576388888888889 0.0265625 0.030555555555555555
0 0.08828125 0.4 0.175 0.2611111111111111
0 0.33515625 0.24097222222222223 0.196875 0.2152777777777778
0 0.481640625 0.31527777777777777 0.04921875 0.02638888888888889
0 0.0390625 0.9284722222222223 0.07734375 0.12638888888888888
0 0.024609375 0.8694444444444445 0.04765625 0.09166666666666666
0 0.312890625 0.8548611111111111 0.04765625 0.0763888888888889
0 0.5 0.12430555555555556 0.9984375 0.24861111111111112
0 0.443359375 0.7534722222222222 0.04296875 0.07777777777777778
0 0.8796875 0.5409722222222222 0.0578125 0.034722222222222224
0 0.35 0.8027777777777778 0.06328125 0.10694444444444444
0 0.36484375 0.7236111111111111 0.728125 0.55
0 0.3765625 0.9284722222222223 0.4265625 0.14027777777777778
0 0.36875 0.6506944444444445 0.034375 0.04027777777777778
0 0.0671875 0.6013888888888889 0.05546875 0.058333333333333334
0 0.534375 0.8729166666666667 0.04296875 0.03333333333333333
0 0.7125 0.49930555555555556 0.0265625 0.04861111111111111
0 0.69140625 0.9493055555555555 0.215625 0.09861111111111111
0 0.691015625 0.2791666666666667 0.13984375 0.05416666666666667
