0 0.5 0.46319444444444446 0.9984375 0.9236111111111112
0 0.790234375 0.5201388888888889 0.10859375 0.0763888888888889
0 0.919921875 0.16944444444444445 0.06484375 0.07083333333333333
0 0.925 0.4222222222222222 0.11640625 0.08055555555555556
0 0.601953125 0.4125 0.03125 0.03888888888888889
0 0.451171875 0.2902777777777778 0.071875 0.0375
0 0.588671875 0.23055555555555557 0.075 0.05
0 0.676171875 0.29930555555555555 0.0203125 0.06666666666666667
0 0.5 0.7951388888888888 0.9984375 0.40694444444444444
0 0.033203125 0.12569444444444444 0.0625 0.09166666666666666
0 0.11328125 0.14166666666666666 0.08515625 0.07361111111111111
0 0.772265625 0.6979166666666666 0.03984375 0.04027777777777778
0 0.7390625 0.46111111111111114 0.0328125 0.027777777777777776
