0 0.5 0.5770833333333333 0.9984375 0.8458333333333333
0 0.546484375 0.5361111111111111 0.028125 0.03194444444444444
0 0.540625 0.18958333333333333 0.0125 0.05138888888888889
0 0.94140625 0.5277777777777778 0.0359375 0.034722222222222224
0 0.591796875 0.29097222222222224 0.0421875 0.020833333333333332
0 0.528515625 0.65625 0.0375 0.04722222222222222
0 0.12734375 0.7027777777777777 0.078125 0.08333333333333333
0 0.33203125 0.9090277777777778 0.0890625 0.07777777777777778
0 0.5 0.12569444444444444 0.9984375 0.2513888888888889
0 0.231640625 0.3076388888888889 0.196875 0.15138888888888888
0 0.659765625 0.6826388888888889 0.08046875 0.05555555555555555
0 0.05546875 0.9152777777777777 0.1 0.09444444444444444
0 0.04375 0.8354166666666667 0.0859375 0.07916666666666666
0 0.367578125 0.8298611111111112 0.08203125 0.12361111111111112
