0 0.5 0.5020833333333333 0.9984375 0.9958333333333333
0 0.33984375 0.3798611111111111 0.0421875 0.04583333333333333
0 0.252734375 0.30069444444444443 0.03984375 0.03333333333333333
0 0.426171875 0.2965277777777778 0.02421875 0.02361111111111111
0 0.673046875 0.9180555555555555 0.06796875 0.125
0 0.375390625 0.5 0.02734375 0.03194444444444444
0 0.70078125 0.4625 0.065625 0.075
0 0.305078125 0.14444444444444443 0.03125 0.025
0 0.240625 0.3659722222222222 0.04375 0.04722222222222222
0 0.439453125 0.48333333333333334 0.06171875 0.17083333333333334
0 0.3546875 0.20694444444444443 0.02421875 0.016666666666666666
0 0.401171875 0.25416666666666665 0.02421875 0.030555555555555555
0 0.725390625 0.5652777777777778 0.1375 0.08194444444444444
0 0.808203125 0.1638888888888889 0.01875 0.013888888888888888
0 0.50859375 0.6652777777777777 0.04375 0.059722222222222225
0 0.973828125 0.6291666666666667 0.03984375 0.03888888888888889
0 0.03359375 0.12222222222222222 0.01953125 0.03194444444444444
0 0.734765625 0.17847222222222223 0.015625 0.02361111111111111
0 0.499609375 0.07291666666666667 0.99921875 0.14305555555555555
0 0.2015625 0.17152777777777778 0.03359375 0.02361111111111111
0 0.287109375 0.38125 0.03671875 0.029166666666666667
0 0.1640625 0.2263888888888889 0.0296875 0.013888888888888888
0 0.210546875 0.2763888888888889 0.0109375 0.02361111111111111
0 0.302734375 0.07291666666666667 0.0390625 0.020833333333333332
0 0.42890625 0.1076388888888889 0.0375 0.03888888888888889
0 0.55 0.4666666666666667 0.04140625 0.03333333333333333
0 0.875390625 0.5881944444444445 0.1203125 0.05277777777777778
