0 0.590234375 0.40902777777777777 0.81796875 0.7291666666666666
0 0.496484375 0.9527777777777777 0.10703125 0.05277777777777778
0 0.576953125 0.2263888888888889 0.028125 0.030555555555555555
0 0.54453125 0.7868055555555555 0.05390625 0.1
0 0.1484375 0.15486111111111112 0.03046875 0.044444444444444446
0 0.1484375 0.2673611111111111 0.02421875 0.030555555555555555
0 0.7765625 0.85625 0.07578125 0.058333333333333334
0 0.118359375 0.6069444444444444 0.09609375 0.14444444444444443
0 0.10234375 0.7111111111111111 0.05390625 0.07222222222222222
0 0.615234375 0.7770833333333333 0.06328125 0.044444444444444446
0 0.484375 0.8854166666666666 0.11796875 0.12222222222222222
0 0.059375 0.6340277777777777 0.053125 0.10972222222222222
0 0.91015625 0.6541666666666667 0.0359375 0.075
0 0.5 0.5 0.9984375 1
0 0.567578125 0.8097222222222222 0.034375 0.05138888888888889
0 0.4640625 0.7604166666666666 0.10078125 0.07916666666666666
0 0.3609375 0.8909722222222223 0.07734375 0.06944444444444445
0 0.338671875 0.6347222222222222 0.05625 0.07916666666666666
0 0.60078125 0.9805555555555555 0.0515625 0.03611111111111111
0 0.404296875 0.9659722222222222 0.09453125 0.06527777777777778
0 0.96328125 0.8180555555555555 0.07109375 0.03611111111111111
0 0.20078125 0.6819444444444445 0.11640625 0.18333333333333332
0 0.10859375 0.4895833333333333 0.0546875 0.030555555555555555
0 0.67421875 0.8090277777777778 0.0453125 0.04861111111111111
0 0.464453125 0.7020833333333333 0.07265625 0.059722222222222225
0 0.423046875 0.5902777777777778 0.046875 0.08611111111111111
0 0.3515625 0.5263888888888889 0.0453125 0.043055555555555555
0 0.13125 0.7798611111111111 0.03671875 0.05138888888888889
0 0.762109375 0.9180555555555555 0.06484375 0.05138888888888889
0 0.660546875 0.25833333333333336 0.128125 0.04583333333333333
