0 0.6703125 0.4465277777777778 0.6578125 0.8375
0 0.907421875 0.8736111111111111 0.175 0.18472222222222223
0 0.69296875 0.41458333333333336 0.08125 0.05416666666666667
0 0.586328125 0.2375 0.04765625 0.0375
0 0.678125 0.6125 0.34609375 0.2833333333333333
0 0.14296875 0.1798611111111111 0.03515625 0.08472222222222223
0 0.073046875 0.8423611111111111 0.0671875 0.08333333333333333
0 0.09765625 0.7104166666666667 0.121875 0.18888888888888888
0 0.599609375 0.9395833333333333 0.06640625 0.11805555555555555
0 0.142578125 0.41388888888888886 0.08984375 0.08055555555555556
0 0.644140625 0.2652777777777778 0.06328125 0.0625
0 0.67578125 0.9201388888888888 0.0796875 0.05277777777777778
0 0.23359375 0.17777777777777778 0.04375 0.029166666666666667
0 0.140234375 0.28680555555555554 0.03203125 0.04027777777777778
0 0.9609375 0.6243055555555556 0.0578125 0.04861111111111111
0 0.727734375 0.8666666666666667 0.04453125 0.07083333333333333
0 0.03203125 0.2861111111111111 0.0625 0.1
0 0.70390625 0.27291666666666664 0.0734375 0.058333333333333334
0 0.5 0.5 0.9984375 1
0 0.02109375 0.6111111111111112 0.040625 0.06666666666666667
0 0.56640625 0.3506944444444444 0.02734375 0.029166666666666667
0 0.320703125 0.4576388888888889 0.05234375 0.03611111111111111
0 0.106640625 0.9451388888888889 0.05078125 0.07083333333333333
0 0.37109375 0.49583333333333335 0.028125 0.034722222222222224
0 0.85546875 0.5145833333333333 0.046875 0.034722222222222224
0 0.444140625 0.6826388888888889 0.0546875 0.10555555555555556
0 0.191796875 0.7979166666666667 0.1359375 0.2652777777777778
0 0.089453125 0.5590277777777778 0.05234375 0.03888888888888889
0 0.207421875 0.5645833333333333 0.03046875 0.029166666666666667
0 0.37734375 0.5722222222222222 0.075 0.10277777777777777
0 0.492578125 0.9159722222222222 0.13203125 0.08472222222222223
0 0.84609375 0.3645833333333333 0.021875 0.03194444444444444
0 0.35234375 0.7402777777777778 0.06015625 0.09305555555555556
0 0.693359375 0.48194444444444445 0.03125 0.04722222222222222
0 0.217578125 0.4597222222222222 0.0234375 0.020833333333333332
0 0.81640625 0.3236111111111111 0.01484375 0.022222222222222223
