0 0.499609375 0.5993055555555555 0.99921875 0.7986111111111112
0 0.442578125 0.5590277777777778 0.05390625 0.02638888888888889
0 0.24296875 0.6819444444444445 0.028125 0.041666666666666664
0 0.74140625 0.675 0.0234375 0.041666666666666664
0 0.7640625 0.33611111111111114 0.07890625 0.03888888888888889
0 0.134375 0.6951388888888889 0.021875 0.03333333333333333
0 0.44296875 0.8458333333333333 0.0796875 0.013888888888888888
0 0.6625 0.4236111111111111 0.0515625 0.025
0 0.853125 0.21597222222222223 0.2921875 0.39861111111111114
0 0.39140625 0.5555555555555556 0.01796875 0.02638888888888889
0 0.376171875 0.45069444444444445 0.0171875 0.020833333333333332
0 0.14375 0.5847222222222223 0.02109375 0.029166666666666667
0 0.40859375 0.7784722222222222 0.03671875 0.041666666666666664
0 0.708984375 0.7930555555555555 0.03828125 0.03611111111111111
0 0.17421875 0.8388888888888889 0.04375 0.04583333333333333
0 0.8109375 0.47638888888888886 0.03203125 0.03194444444444444
0 0.8421875 0.3347222222222222 0.040625 0.06111111111111111
0 0.485546875 0.5854166666666667 0.01875 0.03888888888888889
0 0.03828125 0.47708333333333336 0.02734375 0.02638888888888889
0 0.5453125 0.6583333333333333 0.04765625 0.044444444444444446
0 0.201953125 0.5069444444444444 0.01640625 0.020833333333333332
0 0.5 0.18611111111111112 0.9984375 0.36666666666666664
0 0.309375 0.6354166666666666 0.02421875 0.02638888888888889
0 0.53984375 0.7506944444444444 0.065625 0.04861111111111111
