0 0.499609375 0.6736111111111112 0.99921875 0.65
0 0.75859375 0.5583333333333333 0.034375 0.04861111111111111
0 0.03203125 0.5291666666666667 0.03828125 0.020833333333333332
0 0.31953125 0.7097222222222223 0.02265625 0.02361111111111111
0 0.0109375 0.5416666666666666 0.01875 0.020833333333333332
0 0.499609375 0.21597222222222223 0.99921875 0.43194444444444446
0 0.9546875 0.9284722222222223 0.040625 0.04861111111111111
0 0.50234375 0.7729166666666667 0.07109375 0.04583333333333333
0 0.446875 0.6208333333333333 0.01953125 0.027777777777777776
0 0.7640625 0.9680555555555556 0.02421875 0.03888888888888889
0 0.545703125 0.48819444444444443 0.034375 0.019444444444444445
0 0.530859375 0.6666666666666666 0.0234375 0.030555555555555555
