0 0.499609375 0.5534722222222223 0.99921875 0.8902777777777777
0 0.885546875 0.25277777777777777 0.021875 0.02361111111111111
0 0.74765625 0.9756944444444444 0.0375 0.04583333333333333
0 0.546875 0.79375 0.02421875 0.04027777777777778
0 0.894921875 0.2826388888888889 0.0109375 0.013888888888888888
0 0.5296875 0.33125 0.1171875 0.018055555555555554
0 0.7484375 0.28541666666666665 0.1 0.05277777777777778
0 0.801953125 0.43194444444444446 0.13125 0.08333333333333333
0 0.434765625 0.2604166666666667 0.1359375 0.11527777777777778
0 0.413671875 0.3763888888888889 0.26171875 0.09722222222222222
0 0.1125 0.3611111111111111 0.10078125 0.15555555555555556
0 0.328125 0.6972222222222222 0.03515625 0.03194444444444444
0 0.065625 0.8083333333333333 0.10546875 0.10694444444444444
0 0.087109375 0.9354166666666667 0.05078125 0.09166666666666666
0 0.370703125 0.6916666666666667 0.046875 0.05555555555555555
0 0.499609375 0.12638888888888888 0.99921875 0.25277777777777777
0 0.14609375 0.9513888888888888 0.04140625 0.06388888888888888
0 0.22421875 0.7784722222222222 0.1953125 0.23333333333333334
0 0.968359375 0.2604166666666667 0.0375 0.041666666666666664
