0 0.499609375 0.6138888888888889 0.99921875 0.7694444444444445
0 0.022265625 0.5986111111111111 0.04453125 0.043055555555555555
0 0.190234375 0.4444444444444444 0.02578125 0.02361111111111111
0 0.65234375 0.45902777777777776 0.09609375 0.05138888888888889
0 0.353125 0.60625 0.09765625 0.07083333333333333
0 0.22578125 0.29444444444444445 0.0796875 0.1125
0 0.6015625 0.2902777777777778 0.0765625 0.09444444444444444
0 0.444140625 0.2798611111111111 0.0640625 0.04861111111111111
0 0.868359375 0.3263888888888889 0.2359375 0.09305555555555556
0 0.933203125 0.2826388888888889 0.09921875 0.059722222222222225
0 0.27578125 0.47430555555555554 0.03359375 0.02638888888888889
0 0.87421875 0.6472222222222223 0.0234375 0.05138888888888889
0 0.705078125 0.8520833333333333 0.07421875 0.08055555555555556
0 0.776953125 0.5340277777777778 0.02578125 0.030555555555555555
0 0.393359375 0.49583333333333335 0.04140625 0.043055555555555555
0 0.26796875 0.7340277777777777 0.0625 0.08194444444444444
0 0.499609375 0.12708333333333333 0.99921875 0.25416666666666665
0 0.23515625 0.4979166666666667 0.0484375 0.03888888888888889
0 0.43125 0.5138888888888888 0.0328125 0.022222222222222223
0 0.43671875 0.44513888888888886 0.0421875 0.03194444444444444
0 0.535546875 0.4652777777777778 0.13984375 0.125
