0 0.5 0.36736111111111114 0.9984375 0.7319444444444444
0 0.6921875 0.6791666666666667 0.02421875 0.018055555555555554
0 0.217578125 0.44583333333333336 0.01015625 0.018055555555555554
0 0.90546875 0.7333333333333333 0.01328125 0.044444444444444446
0 0.27578125 0.2111111111111111 0.01484375 0.019444444444444445
0 0.978125 0.39166666666666666 0.028125 0.03888888888888889
0 0.65 0.5694444444444444 0.02109375 0.029166666666666667
0 0.1515625 0.23541666666666666 0.02890625 0.03194444444444444
0 0.369921875 0.38472222222222224 0.01875 0.02361111111111111
0 0.043359375 0.6458333333333334 0.08515625 0.1
0 0.362890625 0.6347222222222222 0.09921875 0.12777777777777777
0 0.717578125 0.6 0.04140625 0.0375
0 0.198828125 0.6590277777777778 0.071875 0.06111111111111111
0 0.5 0.8520833333333333 0.9984375 0.29305555555555557
0 0.10625 0.3625 0.03125 0.0375
0 0.88671875 0.30416666666666664 0.03828125 0.009722222222222222
0 0.840625 0.05694444444444444 0.028125 0.016666666666666666
