0 0.6703125 0.5534722222222223 0.6578125 0.8375
0 0.907421875 0.12638888888888888 0.175 0.18472222222222223
0 0.69296875 0.5854166666666667 0.08125 0.05416666666666667
0 0.586328125 0.7625 0.04765625 0.0375
0 0.678125 0.3875 0.34609375 0.2833333333333333
0 0.14296875 0.8201388888888889 0.03515625 0.08472222222222223
0 0.073046875 0.15763888888888888 0.0671875 0.08333333333333333
0 0.09765625 0.28958333333333336 0.121875 0.18888888888888888
0 0.599609375 0.06041666666666667 0.06640625 0.11805555555555555
0 0.142578125 0.5861111111111111 0.08984375 0.08055555555555556
0 0.644140625 0.7347222222222223 0.06328125 0.0625
0 0.67578125 0.0798611111111111 0.0796875 0.05277777777777778
0 0.23359375 0.8222222222222222 0.04375 0.029166666666666667
0 0.140234375 0.7131944444444445 0.03203125 0.04027777777777778
0 0.9609375 0.37569444444444444 0.0578125 0.04861111111111111
0 0.727734375 0.13333333333333333 0.04453125 0.07083333333333333
0 0.03203125 0.7138888888888889 0.0625 0.1
0 0.70390625 0.7270833333333333 0.0734375 0.058333333333333334
0 0.5 0.5 0.9984375 0.9972222222222222
0 0.02109375 0.3888888888888889 0.040625 0.06666666666666667
0 0.56640625 0.6493055555555556 0.02734375 0.029166666666666667
0 0.320703125 0.5423611111111111 0.05234375 0.03611111111111111
0 0.106640625 0.05486111111111111 0.05078125 0.07083333333333333
0 0.37109375 0.5041666666666667 0.028125 0.034722222222222224
0 0.85546875 0.48541666666666666 0.046875 0.034722222222222224
0 0.444140625 0.3173611111111111 0.0546875 0.10555555555555556
0 0.191796875 0.20208333333333334 0.1359375 0.2652777777777778
0 0.089453125 0.4409722222222222 0.05234375 0.03888888888888889
0 0.207421875 0.4354166666666667 0.03046875 0.029166666666666667
0 0.37734375 0.42777777777777776 0.075 0.10277777777777777
0 0.492578125 0.08402777777777778 0.13203125 0.08472222222222223
0 0.84609375 0.6354166666666666 0.021875 0.03194444444444444
0 0.35234375 0.25972222222222224 0.06015625 0.09305555555555556
0 0.693359375 0.5180555555555556 0.03125 0.04722222222222222
0 0.217578125 0.5402777777777777 0.0234375 0.020833333333333332
0 0.81640625 0.6763888888888889 0.01484375 0.022222222222222223
