0 0.5 0.5388888888888889 0.9984375 0.9222222222222223
0 0.640234375 0.5916666666666667 0.29609375 0.24305555555555555
0 0.85 0.8055555555555556 0.04921875 0.07222222222222222
0 0.34296875 0.23194444444444445 0.190625 0.1361111111111111
0 0.655859375 0.3375 0.1 0.06944444444444445
0 0.907421875 0.6979166666666666 0.03046875 0.06944444444444445
0 0.07890625 0.8520833333333333 0.15625 0.29305555555555557
0 0.5 0.22847222222222222 0.9984375 0.45694444444444443
0 0.96171875 0.8618055555555556 0.06328125 0.04861111111111111
0 0.79609375 0.5326388888888889 0.09375 0.0875
0 0.769921875 0.9673611111111111 0.0734375 0.0625
0 0.960546875 0.32222222222222224 0.01875 0.02638888888888889
0 0.91875 0.9263888888888889 0.08125 0.07083333333333333
0 0.340625 0.7034722222222223 0.6796875 0.5875
0 0.65390625 0.45208333333333334 0.09375 0.11527777777777778
0 0.5453125 0.8326388888888889 0.05 0.09583333333333334
0 0.480078125 0.9486111111111111 0.1203125 0.10138888888888889
0 0.657421875 0.29097222222222224 0.13203125 0.05
0 0.207421875 0.7145833333333333 0.14921875 0.18194444444444444
