0 0.5 0.5 0.9984375 1
0 0.538671875 0.22708333333333333 0.13125 0.2375
0 0.369921875 0.0375 0.04375 0.05416666666666667
0 0.927734375 0.18194444444444444 0.01875 0.043055555555555555
0 0.316015625 0.09513888888888888 0.03515625 0.04027777777777778
0 0.857421875 0.16458333333333333 0.053125 0.03194444444444444
0 0.576953125 0.09166666666666666 0.0796875 0.09444444444444444
0 0.498046875 0.03888888888888889 0.0390625 0.05555555555555555
0 0.706640625 0.3875 0.03828125 0.0875
0 0.52578125 0.0625 0.0453125 0.06666666666666667
0 0.4515625 0.11875 0.0546875 0.04861111111111111
0 0.809375 0.2701388888888889 0.03359375 0.03611111111111111
0 0.465234375 0.17916666666666667 0.02421875 0.03194444444444444
0 0.845703125 0.11388888888888889 0.0203125 0.03194444444444444
