0 0.259765625 0.5347222222222222 0.0359375 0.03888888888888889
0 0.293359375 0.8701388888888889 0.0609375 0.05138888888888889
0 0.464453125 0.36180555555555555 0.02265625 0.03611111111111111
0 0.62578125 0.2513888888888889 0.0703125 0.05416666666666667
0 0.49140625 0.42083333333333334 0.0265625 0.04027777777777778
2 0.931640625 0.5118055555555555 0.03984375 0.08888888888888889
0 0.798046875 0.8180555555555555 0.1421875 0.15416666666666667
0 0.461328125 0.4041666666666667 0.0203125 0.030555555555555555
0 0.179296875 0.5041666666666667 0.028125 0.0375
1 0.499609375 0.12708333333333333 0.99921875 0.25416666666666665
0 0.991015625 0.24444444444444444 0.01328125 0.03194444444444444
0 0.580078125 0.2638888888888889 0.03828125 0.027777777777777776
0 0.908984375 0.25833333333333336 0.0609375 0.03194444444444444
0 0.671875 0.2423611111111111 0.02421875 0.02361111111111111
