0 0.142578125 0.55 0.115625 0.04583333333333333
0 0.4125 0.10208333333333333 0.06171875 0.02638888888888889
0 0.1265625 0.34652777777777777 0.0359375 0.10694444444444444
0 0.5265625 0.4840277777777778 0.10390625 0.05694444444444444
0 0.924609375 0.15625 0.14921875 0.08194444444444444
2 0.8625 0.4930555555555556 0.0828125 0.14027777777777778
2 0.8640625 0.8263888888888888 0.03125 0.06527777777777778
0 0.948046875 0.22847222222222222 0.09453125 0.04027777777777778
0 0.73125 0.5298611111111111 0.0953125 0.08194444444444444
0 0.67578125 0.7243055555555555 0.115625 0.1
0 0.151171875 0.4041666666666667 0.03984375 0.05555555555555555
0 0.6359375 0.5166666666666667 0.05 0.07361111111111111
1 0.704296875 0.06041666666666667 0.58984375 0.12083333333333333
0 0.319921875 0.1673611111111111 0.0625 0.07222222222222222
0 0.03984375 0.7666666666666667 0.0734375 0.12638888888888888
0 0.3296875 0.6256944444444444 0.06796875 0.07083333333333333
0 0.07109375 0.3215277777777778 0.0625 0.11527777777777778
