0 0.318359375 0.29097222222222224 0.0640625 0.07361111111111111
0 0.358203125 0.18611111111111112 0.11328125 0.06666666666666667
0 0.808203125 0.31805555555555554 0.14609375 0.05694444444444444
0 0.50234375 0.41180555555555554 0.0421875 0.025
2 0.1203125 0.7722222222222223 0.0140625 0.05555555555555555
0 0.907421875 0.2569444444444444 0.1203125 0.13055555555555556
0 0.619921875 0.4756944444444444 0.0453125 0.0375
1 0.5 0.6819444444444445 1 0.6333333333333333
0 0.29453125 0.38263888888888886 0.0578125 0.05277777777777778
0 0.58515625 0.5076388888888889 0.03359375 0.02638888888888889
