0 0.6203125 0.5833333333333334 0.02421875 0.029166666666666667
0 0.9890625 0.19722222222222222 0.01953125 0.09583333333333334
0 0.76875 0.20069444444444445 0.01796875 0.016666666666666666
0 0.533203125 0.5930555555555556 0.06796875 0.02638888888888889
0 0.583203125 0.14583333333333334 0.08203125 0.06944444444444445
0 0.246875 0.5930555555555556 0.0546875 0.03888888888888889
1 0.5 0.825 1 0.3472222222222222
0 0.75 0.6375 0.03515625 0.022222222222222223
0 0.187109375 0.49236111111111114 0.053125 0.044444444444444446
0 0.205078125 0.5305555555555556 0.0265625 0.027777777777777776
0 0.536328125 0.38472222222222224 0.0328125 0.04722222222222222
0 0.781640625 0.08958333333333333 0.03125 0.043055555555555555
0 0.956640625 0.6111111111111112 0.01875 0.02361111111111111
0 0.12734375 0.4756944444444444 0.0609375 0.029166666666666667
0 0.028125 0.3194444444444444 0.03515625 0.05277777777777778
0 0.830859375 0.04583333333333333 0.18046875 0.08888888888888889
