0 0.142578125 0.45 0.115625 0.04583333333333333
0 0.4125 0.8979166666666667 0.06171875 0.02638888888888889
0 0.1265625 0.6534722222222222 0.0359375 0.10694444444444444
0 0.5265625 0.5159722222222223 0.10390625 0.05694444444444444
0 0.924609375 0.84375 0.14921875 0.08194444444444444
2 0.8625 0.5069444444444444 0.0828125 0.14027777777777778
2 0.8640625 0.1736111111111111 0.03125 0.06527777777777778
0 0.948046875 0.7715277777777778 0.09453125 0.04027777777777778
0 0.73125 0.4701388888888889 0.0953125 0.08194444444444444
0 0.67578125 0.27569444444444446 0.115625 0.1
0 0.151171875 0.5958333333333333 0.03984375 0.05555555555555555
0 0.6359375 0.48333333333333334 0.05 0.07361111111111111
1 0.704296875 0.9388888888888889 0.58984375 0.11944444444444445
0 0.319921875 0.8326388888888889 0.0625 0.07222222222222222
0 0.03984375 0.23333333333333334 0.0734375 0.12638888888888888
0 0.3296875 0.37430555555555556 0.06796875 0.07083333333333333
0 0.07109375 0.6784722222222223 0.0625 0.11527777777777778
