0 0.1375 0.5597222222222222 0.025 0.02638888888888889
0 0.87421875 0.5145833333333333 0.02265625 0.025
0 0.85703125 0.6583333333333333 0.01640625 0.025
0 0.914453125 0.6423611111111112 0.01796875 0.027777777777777776
0 0.494921875 0.6208333333333333 0.08828125 0.058333333333333334
0 0.0359375 0.6576388888888889 0.01796875 0.0375
2 0.04453125 0.30069444444444443 0.0875 0.07083333333333333
2 0.344921875 0.31180555555555556 0.07734375 0.10138888888888889
2 0.4953125 0.30277777777777776 0.0625 0.05555555555555555
2 0.688671875 0.32013888888888886 0.07421875 0.11527777777777778
2 0.103515625 0.36319444444444443 0.20390625 0.08611111111111111
0 0.8578125 0.7222222222222222 0.04296875 0.05277777777777778
0 0.146875 0.8298611111111112 0.05078125 0.06944444444444445
0 0.48671875 0.5222222222222223 0.03671875 0.0375
1 0.5 0.13055555555555556 0.9984375 0.2611111111111111
0 0.530078125 0.7388888888888889 0.0484375 0.06944444444444445
0 0.77421875 0.6159722222222223 0.02890625 0.04583333333333333
0 0.445703125 0.5409722222222222 0.02578125 0.019444444444444445
0 0.626171875 0.5208333333333334 0.03671875 0.03611111111111111
0 0.459375 0.4736111111111111 0.046875 0.022222222222222223
0 0.331640625 0.4930555555555556 0.21328125 0.12361111111111112
