0 0.076171875 0.8076388888888889 0.146875 0.07916666666666666
0 0.235546875 0.6027777777777777 0.1015625 0.044444444444444446
0 0.683984375 0.1375 0.07890625 0.0625
0 0.221875 0.1798611111111111 0.08515625 0.04027777777777778
0 0.348046875 0.2659722222222222 0.08359375 0.06944444444444445
2 0.330078125 0.3388888888888889 0.03203125 0.05
2 0.23125 0.9722222222222222 0.0546875 0.05277777777777778
2 0.369921875 0.33055555555555555 0.028125 0.05
0 0.296484375 0.38680555555555557 0.0703125 0.05555555555555555
0 0.506640625 0.10277777777777777 0.05546875 0.04027777777777778
0 0.702734375 0.4618055555555556 0.05546875 0.05277777777777778
0 0.109765625 0.1986111111111111 0.02890625 0.05277777777777778
0 0.62890625 0.5173611111111112 0.02734375 0.034722222222222224
0 0.184375 0.4236111111111111 0.05625 0.06111111111111111
1 0.20078125 0.11388888888888889 0.4 0.225
0 0.5 0.49583333333333335 0.0546875 0.05
0 0.23984375 0.4 0.0390625 0.041666666666666664
0 0.235546875 0.725 0.04375 0.04861111111111111
