0 0.128515625 0.37916666666666665 0.11875 0.07083333333333333
0 0.17890625 0.46805555555555556 0.03828125 0.05138888888888889
0 0.820703125 0.6361111111111111 0.01484375 0.018055555555555554
0 0.241796875 0.39375 0.04765625 0.030555555555555555
0 0.74375 0.6222222222222222 0.01328125 0.019444444444444445
0 0.7171875 0.2388888888888889 0.08046875 0.0763888888888889
0 0.8875 0.5638888888888889 0.05078125 0.027777777777777776
0 0.6203125 0.44305555555555554 0.0265625 0.013888888888888888
0 0.019921875 0.3888888888888889 0.03828125 0.041666666666666664
0 0.378125 0.20625 0.0625 0.2847222222222222
0 0.65390625 0.5645833333333333 0.06484375 0.027777777777777776
0 0.053515625 0.25972222222222224 0.059375 0.06111111111111111
0 0.0328125 0.34305555555555556 0.06171875 0.043055555555555555
0 0.212890625 0.3645833333333333 0.03984375 0.030555555555555555
0 0.26875 0.35138888888888886 0.04921875 0.03611111111111111
0 0.27109375 0.6625 0.028125 0.020833333333333332
0 0.807421875 0.08402777777777778 0.04765625 0.05416666666666667
0 0.728515625 0.08125 0.11796875 0.09027777777777778
0 0.940234375 0.03263888888888889 0.11796875 0.0625
1 0.5 0.8361111111111111 0.9984375 0.325
0 0.14765625 0.6326388888888889 0.021875 0.016666666666666666
0 0.5171875 0.5930555555555556 0.0109375 0.008333333333333333
0 0.093359375 0.5618055555555556 0.02421875 0.02361111111111111
0 0.413671875 0.7166666666666667 0.01953125 0.011111111111111112
0 0.525390625 0.23125 0.0515625 0.02361111111111111
0 0.195703125 0.6708333333333333 0.00859375 0.009722222222222222
0 0.290625 0.16805555555555557 0.03125 0.030555555555555555
0 0.4390625 0.55 0.01171875 0.016666666666666666
