0 0.77109375 0.6013888888888889 0.0421875 0.020833333333333332
0 0.37109375 0.5805555555555556 0.025 0.034722222222222224
0 0.48046875 0.5909722222222222 0.040625 0.02361111111111111
0 0.4140625 0.13958333333333334 0.0890625 0.08888888888888889
0 0.412109375 0.6159722222222223 0.009375 0.022222222222222223
0 0.46015625 0.3784722222222222 0.0328125 0.05416666666666667
1 0.5 0.8326388888888889 0.9984375 0.33194444444444443
0 0.787890625 0.5263888888888889 0.0296875 0.027777777777777776
0 0.037890625 0.61875 0.01875 0.015277777777777777
0 0.03828125 0.6097222222222223 0.01875 0.022222222222222223
0 0.9671875 0.31875 0.034375 0.04722222222222222
0 0.246875 0.6375 0.0390625 0.02361111111111111
0 0.21171875 0.08819444444444445 0.03125 0.05416666666666667
0 0.439453125 0.5944444444444444 0.01875 0.02638888888888889
0 0.80703125 0.49027777777777776 0.0515625 0.04722222222222222
0 0.862109375 0.47430555555555554 0.05859375 0.03333333333333333
0 0.158203125 0.03333333333333333 0.15859375 0.06388888888888888
