0 0.3078125 0.6791666666666667 0.02421875 0.018055555555555554
0 0.782421875 0.44583333333333336 0.01015625 0.018055555555555554
0 0.09453125 0.7333333333333333 0.01328125 0.044444444444444446
0 0.72421875 0.2111111111111111 0.01484375 0.019444444444444445
0 0.021875 0.39166666666666666 0.028125 0.03888888888888889
0 0.35 0.5694444444444444 0.02109375 0.029166666666666667
0 0.8484375 0.23541666666666666 0.02890625 0.03194444444444444
0 0.630078125 0.38472222222222224 0.01875 0.02361111111111111
2 0.956640625 0.6458333333333334 0.08515625 0.1
2 0.637109375 0.6347222222222222 0.09921875 0.12777777777777777
0 0.282421875 0.6 0.04140625 0.0375
0 0.801171875 0.6590277777777778 0.071875 0.06111111111111111
1 0.5 0.8520833333333333 1 0.29305555555555557
0 0.89375 0.3625 0.03125 0.0375
0 0.11328125 0.30416666666666664 0.03828125 0.009722222222222222
0 0.159375 0.05694444444444444 0.028125 0.016666666666666666
