0 0.389453125 0.5402777777777777 0.0875 0.11666666666666667
0 0.76640625 0.5055555555555555 0.29140625 0.2763888888888889
2 0.44375 0.6673611111111111 0.24140625 0.2013888888888889
2 0.41953125 0.15347222222222223 0.07890625 0.06944444444444445
2 0.308203125 0.08680555555555555 0.10078125 0.0763888888888889
2 0.291796875 0.7680555555555556 0.0453125 0.034722222222222224
2 0.05390625 0.6548611111111111 0.08828125 0.08333333333333333
0 0.94140625 0.3659722222222222 0.06484375 0.07083333333333333
0 0.862109375 0.035416666666666666 0.08359375 0.06111111111111111
1 0.5 0.8736111111111111 0.9984375 0.25
0 0.75078125 0.06041666666666667 0.08125 0.07222222222222222
0 0.180859375 0.4305555555555556 0.065625 0.05
0 0.0640625 0.1701388888888889 0.1265625 0.10416666666666667
0 0.472265625 0.024305555555555556 0.12578125 0.04583333333333333
0 0.351953125 0.45 0.05859375 0.05
0 0.296875 0.46458333333333335 0.04453125 0.029166666666666667
0 0.312890625 0.39791666666666664 0.03828125 0.044444444444444446
0 0.6171875 0.11527777777777778 0.1609375 0.20555555555555555
0 0.609375 0.40902777777777777 0.29609375 0.18611111111111112
