0 0.74140625 0.6722222222222223 0.0484375 0.018055555555555554
0 0.090234375 0.5173611111111112 0.0359375 0.009722222222222222
0 0.50390625 0.6069444444444444 0.04765625 0.030555555555555555
0 0.1125 0.5701388888888889 0.03515625 0.013888888888888888
0 0.6703125 0.38472222222222224 0.12109375 0.10972222222222222
0 0.412890625 0.6006944444444444 0.05078125 0.029166666666666667
0 0.384765625 0.4895833333333333 0.03359375 0.03194444444444444
0 0.97421875 0.54375 0.01796875 0.018055555555555554
0 0.86328125 0.44513888888888886 0.021875 0.022222222222222223
0 0.66171875 0.6083333333333333 0.03984375 0.03611111111111111
0 0.387890625 0.05 0.08984375 0.0625
0 0.463671875 0.5222222222222223 0.03125 0.041666666666666664
1 0.5 0.7902777777777777 0.9984375 0.4166666666666667
0 0.98203125 0.5958333333333333 0.01796875 0.027777777777777776
0 0.801953125 0.5798611111111112 0.015625 0.020833333333333332
0 0.275 0.54375 0.0265625 0.029166666666666667
0 0.119921875 0.5180555555555556 0.03125 0.020833333333333332
0 0.26015625 0.5819444444444445 0.04140625 0.022222222222222223
0 0.940234375 0.6833333333333333 0.02890625 0.015277777777777777
0 0.85390625 0.6402777777777777 0.021875 0.027777777777777776
0 0.537109375 0.20972222222222223 0.03359375 0.04583333333333333
