0 0.060546875 0.5291666666666667 0.05390625 0.12222222222222222
0 0.009375 0.73125 0.01015625 0.019444444444444445
0 0.31640625 0.18194444444444444 0.0546875 0.0625
0 0.094921875 0.5694444444444444 0.0359375 0.059722222222222225
0 0.981640625 0.3625 0.03515625 0.1
0 0.165625 0.6125 0.084375 0.05
0 0.36484375 0.5944444444444444 0.05703125 0.07777777777777778
2 0.675390625 0.6618055555555555 0.32109375 0.20555555555555555
0 0.226171875 0.6236111111111111 0.040625 0.05416666666666667
0 0.287109375 0.225 0.0234375 0.027777777777777776
0 0.619140625 0.5256944444444445 0.0359375 0.034722222222222224
0 0.0796875 0.09652777777777778 0.1015625 0.10694444444444444
0 0.74375 0.1763888888888889 0.03359375 0.05138888888888889
0 0.119140625 0.35555555555555557 0.04296875 0.03888888888888889
0 0.68125 0.5395833333333333 0.0890625 0.058333333333333334
0 0.527734375 0.4625 0.06953125 0.041666666666666664
0 0.155078125 0.30486111111111114 0.06015625 0.0875
0 0.86484375 0.675 0.05546875 0.030555555555555555
0 0.015234375 0.46875 0.03046875 0.02638888888888889
0 0.788671875 0.13680555555555557 0.0390625 0.06805555555555555
1 0.5 0.7944444444444444 1 0.4083333333333333
0 0.587890625 0.22777777777777777 0.0375 0.043055555555555555
0 0.785546875 0.4840277777777778 0.0328125 0.022222222222222223
0 0.958203125 0.50625 0.0671875 0.041666666666666664
0 0.368359375 0.29930555555555555 0.05078125 0.07361111111111111
0 0.60859375 0.39305555555555555 0.02578125 0.025
0 0.2 0.40625 0.07734375 0.07916666666666666
0 0.404296875 0.08819444444444445 0.046875 0.05555555555555555
0 0.627734375 0.08611111111111111 0.03828125 0.044444444444444446
0 0.847265625 0.2604166666666667 0.11875 0.06805555555555555
0 0.932421875 0.18611111111111112 0.04296875 0.03888888888888889
0 0.146875 0.06041666666666667 0.0640625 0.0763888888888889
0 0.692578125 0.1076388888888889 0.06796875 0.0625
0 0.639453125 0.2361111111111111 0.04296875 0.05
0 0.2453125 0.4027777777777778 0.05625 0.08888888888888889
0 0.476953125 0.07777777777777778 0.03515625 0.034722222222222224
0 0.85859375 0.3076388888888889 0.03203125 0.07361111111111111
0 0.7109375 0.18541666666666667 0.0359375 0.07361111111111111
0 0.730078125 0.28680555555555554 0.03515625 0.04722222222222222
0 0.6859375 0.33958333333333335 0.04453125 0.059722222222222225
0 0.73671875 0.4076388888888889 0.0375 0.041666666666666664
0 0.70234375 0.3951388888888889 0.021875 0.034722222222222224
0 0.32109375 0.38055555555555554 0.06171875 0.029166666666666667
0 0.253515625 0.30694444444444446 0.06015625 0.07361111111111111
0 0.573046875 0.29583333333333334 0.04140625 0.02638888888888889
0 0.303515625 0.6361111111111111 0.034375 0.029166666666666667
0 0.23203125 0.5201388888888889 0.19765625 0.09166666666666666
