0 0.380078125 0.22569444444444445 0.04921875 0.05555555555555555
0 0.2078125 0.7958333333333333 0.4140625 0.40555555555555556
2 0.50546875 0.6597222222222222 0.07734375 0.1125
2 0.50703125 0.8131944444444444 0.0703125 0.10138888888888889
2 0.804296875 0.8465277777777778 0.115625 0.12222222222222222
2 0.956640625 0.44583333333333336 0.08515625 0.07777777777777778
2 0.787890625 0.6375 0.1421875 0.10555555555555556
1 0.526953125 0.11527777777777778 0.9453125 0.225
0 0.1953125 0.5590277777777778 0.04375 0.0763888888888889
0 0.590625 0.79375 0.07578125 0.07777777777777778
0 0.855859375 0.7743055555555556 0.04609375 0.05416666666666667
0 0.626953125 0.8298611111111112 0.07578125 0.08055555555555556
0 0.60546875 0.7430555555555556 0.103125 0.075
0 0.271484375 0.26319444444444445 0.15078125 0.06666666666666667
