0 0.453515625 0.4638888888888889 0.028125 0.03194444444444444
0 0.459375 0.8104166666666667 0.0125 0.05138888888888889
0 0.05859375 0.4722222222222222 0.0359375 0.034722222222222224
0 0.408203125 0.7090277777777778 0.0421875 0.020833333333333332
0 0.471484375 0.34375 0.0375 0.04722222222222222
0 0.87265625 0.2972222222222222 0.078125 0.08333333333333333
0 0.66796875 0.09097222222222222 0.0890625 0.07777777777777778
1 0.499609375 0.8736111111111111 0.99921875 0.25
1 0.768359375 0.6923611111111111 0.196875 0.15138888888888888
0 0.340234375 0.3173611111111111 0.08046875 0.05555555555555555
0 0.94453125 0.08472222222222223 0.1 0.09444444444444444
0 0.95625 0.16458333333333333 0.0859375 0.07916666666666666
0 0.632421875 0.1701388888888889 0.08203125 0.12361111111111112
