0 0.638671875 0.2604166666666667 0.08984375 0.07777777777777778
0 0.820703125 0.32013888888888886 0.0203125 0.02638888888888889
0 0.936328125 0.44305555555555554 0.01875 0.0125
0 0.725390625 0.6104166666666667 0.04921875 0.018055555555555554
0 0.400390625 0.5118055555555555 0.05078125 0.019444444444444445
0 0.49765625 0.5131944444444444 0.009375 0.013888888888888888
0 0.640234375 0.5284722222222222 0.046875 0.03194444444444444
1 0.499609375 0.7423611111111111 0.99921875 0.5125
0 0.2578125 0.4909722222222222 0.04140625 0.016666666666666666
0 0.506640625 0.05694444444444444 0.03203125 0.034722222222222224
0 0.479296875 0.3638888888888889 0.0171875 0.030555555555555555
0 0.376171875 0.38055555555555554 0.01953125 0.03333333333333333
0 0.1125 0.41597222222222224 0.071875 0.025
