0 0.380078125 0.7743055555555556 0.04921875 0.05555555555555555
0 0.2078125 0.20416666666666666 0.4140625 0.40555555555555556
2 0.50546875 0.3402777777777778 0.07734375 0.1125
2 0.50703125 0.18680555555555556 0.0703125 0.10138888888888889
2 0.804296875 0.15347222222222223 0.115625 0.12222222222222222
2 0.956640625 0.5541666666666667 0.08515625 0.07777777777777778
2 0.787890625 0.3625 0.1421875 0.10555555555555556
1 0.526953125 0.8847222222222222 0.9453125 0.225
0 0.1953125 0.4409722222222222 0.04375 0.0763888888888889
0 0.590625 0.20625 0.07578125 0.07777777777777778
0 0.855859375 0.22569444444444445 0.04609375 0.05416666666666667
0 0.626953125 0.1701388888888889 0.07578125 0.08055555555555556
0 0.60546875 0.2569444444444444 0.103125 0.075
0 0.271484375 0.7368055555555556 0.15078125 0.06666666666666667
