0 0.408984375 0.4173611111111111 0.084375 0.06527777777777778
0 0.775 0.2743055555555556 0.0109375 0.013888888888888888
2 0.591015625 0.275 0.04296875 0.020833333333333332
2 0.163671875 0.3229166666666667 0.11796875 0.08611111111111111
0 0.651953125 0.6881944444444444 0.1015625 0.08888888888888889
0 0.83359375 0.9680555555555556 0.165625 0.06111111111111111
0 0.295703125 0.34375 0.0703125 0.1
0 0.719921875 0.8965277777777778 0.10625 0.08611111111111111
0 0.49765625 0.7861111111111111 0.0328125 0.03194444444444444
0 0.676171875 0.6256944444444444 0.03671875 0.027777777777777776
0 0.563671875 0.48125 0.19765625 0.10694444444444444
1 0.5 0.13819444444444445 0.9984375 0.2763888888888889
0 0.408984375 0.7020833333333333 0.059375 0.07916666666666666
0 0.136328125 0.48819444444444443 0.03125 0.029166666666666667
0 0.492578125 0.37083333333333335 0.03046875 0.029166666666666667
0 0.55 0.5833333333333334 0.05390625 0.075
0 0.781640625 0.5145833333333333 0.03828125 0.02638888888888889
0 0.959375 0.40069444444444446 0.01875 0.019444444444444445
0 0.08046875 0.8111111111111111 0.0515625 0.05555555555555555
0 0.019140625 0.6368055555555555 0.03046875 0.043055555555555555
0 0.135546875 0.6347222222222222 0.028125 0.03333333333333333
0 0.5328125 0.6965277777777777 0.05546875 0.06527777777777778
0 0.797265625 0.5645833333333333 0.0265625 0.044444444444444446
0 0.884765625 0.6638888888888889 0.04453125 0.06805555555555555
0 0.9703125 0.5868055555555556 0.02421875 0.020833333333333332
0 0.644140625 0.9416666666666667 0.065625 0.08194444444444444
0 0.459765625 0.8368055555555556 0.06953125 0.07083333333333333
0 0.900390625 0.25763888888888886 0.028125 0.03194444444444444
0 0.465625 0.6201388888888889 0.071875 0.0375
0 0.143359375 0.8173611111111111 0.04375 0.044444444444444446
