0 0.7140625 0.6930555555555555 0.053125 0.0763888888888889
0 0.75703125 0.6479166666666667 0.0703125 0.12222222222222222
0 0.641015625 0.7354166666666667 0.1015625 0.04583333333333333
0 0.397265625 0.6819444444444445 0.0640625 0.07222222222222222
2 0.22890625 0.8854166666666666 0.1015625 0.0763888888888889
2 0.190625 0.41597222222222224 0.10625 0.06944444444444445
2 0.549609375 0.30277777777777776 0.0578125 0.09166666666666666
2 0.088671875 0.7631944444444444 0.17578125 0.20416666666666666
0 0.709375 0.4125 0.0734375 0.05694444444444444
0 0.678125 0.32569444444444445 0.065625 0.09027777777777778
0 0.826171875 0.5736111111111111 0.07265625 0.043055555555555555
0 0.916796875 0.8833333333333333 0.03046875 0.02638888888888889
0 0.574609375 0.7354166666666667 0.0578125 0.05
1 0.358203125 0.8958333333333334 0.71484375 0.20555555555555555
0 0.48671875 0.7479166666666667 0.02890625 0.020833333333333332
0 0.9171875 0.5798611111111112 0.04296875 0.044444444444444446
0 0.60703125 0.03611111111111111 0.06015625 0.03611111111111111
0 0.4 0.2625 0.07578125 0.10277777777777777
0 0.4703125 0.40902777777777777 0.07734375 0.043055555555555555
0 0.190625 0.4951388888888889 0.10078125 0.05
0 0.39140625 0.45555555555555555 0.13203125 0.06805555555555555
0 0.52265625 0.1625 0.0375 0.044444444444444446
0 0.043359375 0.06388888888888888 0.07421875 0.07083333333333333
0 0.576171875 0.6131944444444445 0.228125 0.12083333333333333
