0 0.22109375 0.5694444444444444 0.14140625 0.07916666666666666
0 0.409765625 0.5840277777777778 0.22734375 0.08888888888888889
0 0.66015625 0.07013888888888889 0.27421875 0.12361111111111112
0 0.292578125 0.63125 0.03984375 0.027777777777777776
0 0.028125 0.6673611111111111 0.053125 0.04027777777777778
0 0.261328125 0.65 0.03125 0.043055555555555555
0 0.276171875 0.30416666666666664 0.2875 0.23472222222222222
0 0.2234375 0.64375 0.02890625 0.043055555555555555
0 0.120703125 0.6840277777777778 0.0515625 0.0763888888888889
0 0.562890625 0.49444444444444446 0.29765625 0.1
0 0.87421875 0.46111111111111114 0.246875 0.2263888888888889
0 0.184375 0.64375 0.02578125 0.03194444444444444
0 0.71640625 0.8819444444444444 0.2546875 0.06111111111111111
0 0.16015625 0.2826388888888889 0.1109375 0.07916666666666666
0 0.258984375 0.16111111111111112 0.08359375 0.06805555555555555
0 0.525390625 0.3076388888888889 0.21953125 0.18055555555555555
0 0.11953125 0.3715277777777778 0.04296875 0.06111111111111111
0 0.936328125 0.7770833333333333 0.06953125 0.0763888888888889
1 0.704296875 0.95625 0.58984375 0.08472222222222223
