0 0.619140625 0.37777777777777777 0.02734375 0.03194444444444444
0 0.008984375 0.6166666666666667 0.01796875 0.03888888888888889
0 0.096484375 0.6083333333333333 0.0203125 0.03333333333333333
0 0.77734375 0.47638888888888886 0.021875 0.03333333333333333
0 0.53515625 0.7826388888888889 0.040625 0.027777777777777776
2 0.63671875 0.7701388888888889 0.15546875 0.09722222222222222
0 0.46953125 0.5986111111111111 0.05625 0.05416666666666667
0 0.40859375 0.6319444444444444 0.02421875 0.022222222222222223
0 0.4 0.7569444444444444 0.04609375 0.019444444444444445
0 0.082421875 0.35555555555555557 0.0796875 0.07777777777777778
0 0.8234375 0.5354166666666667 0.059375 0.06666666666666667
0 0.90546875 0.7333333333333333 0.0625 0.06666666666666667
0 0.074609375 0.7708333333333334 0.07890625 0.03611111111111111
0 0.281640625 0.5381944444444444 0.10859375 0.075
1 0.5 0.8819444444444444 1 0.23333333333333334
0 0.20625 0.6729166666666667 0.0203125 0.029166666666666667
0 0.34921875 0.6243055555555556 0.0328125 0.029166666666666667
0 0.679296875 0.5909722222222222 0.234375 0.09861111111111111
