0 0.634765625 0.5923611111111111 0.28203125 0.22916666666666666
0 0.855078125 0.8055555555555556 0.04296875 0.07083333333333333
0 0.78125 0.8208333333333333 0.0609375 0.075
2 0.32734375 0.20972222222222223 0.12421875 0.10416666666666667
0 0.094921875 0.6777777777777778 0.1578125 0.18611111111111112
1 0.5 0.16666666666666666 0.9984375 0.3333333333333333
0 0.3640625 0.5645833333333333 0.07734375 0.08333333333333333
0 0.76484375 0.9722222222222222 0.0578125 0.05277777777777778
0 0.342578125 0.7076388888888889 0.68359375 0.5819444444444445
0 0.963671875 0.8604166666666667 0.06953125 0.044444444444444446
0 0.33828125 0.6798611111111111 0.04921875 0.07361111111111111
0 0.36171875 0.9493055555555555 0.084375 0.0763888888888889
0 0.92421875 0.9402777777777778 0.0765625 0.06805555555555555
0 0.662109375 0.29375 0.1265625 0.06388888888888888
0 0.796484375 0.5611111111111111 0.09609375 0.12916666666666668
