0 0.205859375 0.4798611111111111 0.046875 0.04027777777777778
0 0.930078125 0.6944444444444444 0.1 0.08472222222222223
2 0.54609375 0.34652777777777777 0.03359375 0.06666666666666667
2 0.19765625 0.37777777777777777 0.05625 0.041666666666666664
0 0.146875 0.42777777777777776 0.02265625 0.029166666666666667
0 0.08515625 0.4861111111111111 0.06953125 0.0375
0 0.3265625 0.49444444444444446 0.0421875 0.044444444444444446
1 0.499609375 0.11944444444444445 0.99921875 0.2388888888888889
0 0.76328125 0.32013888888888886 0.03203125 0.022222222222222223
0 0.498828125 0.4361111111111111 0.06328125 0.043055555555555555
