0 0.844921875 0.4152777777777778 0.08984375 0.04583333333333333
0 0.602734375 0.5486111111111112 0.06015625 0.20694444444444443
0 0.257421875 0.5291666666666667 0.08046875 0.05138888888888889
0 0.7671875 0.42777777777777776 0.03828125 0.02361111111111111
0 0.70234375 0.16041666666666668 0.01484375 0.009722222222222222
0 0.529296875 0.7833333333333333 0.03984375 0.0625
0 0.644140625 0.24722222222222223 0.03203125 0.022222222222222223
0 0.04453125 0.6944444444444444 0.0890625 0.06666666666666667
0 0.930859375 0.4888888888888889 0.06015625 0.05
0 0.21953125 0.6395833333333333 0.17421875 0.05694444444444444
0 0.7140625 0.4354166666666667 0.05390625 0.05138888888888889
1 0.499609375 0.13194444444444445 0.99921875 0.2638888888888889
0 0.453125 0.5305555555555556 0.04921875 0.034722222222222224
0 0.691796875 0.5659722222222222 0.03671875 0.03611111111111111
0 0.953125 0.44166666666666665 0.071875 0.0375
