0 0.061328125 0.13055555555555556 0.075 0.08194444444444444
0 0.71328125 0.5125 0.0140625 0.016666666666666666
0 0.692578125 0.30416666666666664 0.015625 0.013888888888888888
0 0.74609375 0.34305555555555556 0.0203125 0.02638888888888889
0 0.297265625 0.7326388888888888 0.02734375 0.020833333333333332
0 0.635546875 0.3236111111111111 0.0140625 0.016666666666666666
0 0.746484375 0.3423611111111111 0.015625 0.020833333333333332
0 0.5671875 0.46805555555555556 0.01640625 0.022222222222222223
0 0.088671875 0.7881944444444444 0.0109375 0.043055555555555555
2 0.915625 0.7034722222222223 0.0890625 0.08333333333333333
2 0.7625 0.7048611111111112 0.06953125 0.06388888888888888
2 0.327734375 0.6319444444444444 0.01640625 0.030555555555555555
2 0.5984375 0.6888888888888889 0.08671875 0.11388888888888889
0 0.981640625 0.4979166666666667 0.0296875 0.03194444444444444
0 0.309375 0.7701388888888889 0.02109375 0.018055555555555554
0 0.983203125 0.43472222222222223 0.03203125 0.029166666666666667
0 0.280078125 0.6597222222222222 0.0484375 0.025
1 0.5 0.8770833333333333 1 0.24305555555555555
0 0.805859375 0.4486111111111111 0.0265625 0.03611111111111111
0 0.0765625 0.035416666666666666 0.04140625 0.04027777777777778
0 0.92734375 0.5076388888888889 0.0390625 0.02638888888888889
0 0.940625 0.4527777777777778 0.02265625 0.03611111111111111
0 0.983984375 0.33055555555555555 0.0296875 0.03333333333333333
