0 0.505078125 0.21458333333333332 0.13046875 0.08055555555555556
0 0.55859375 0.5041666666666667 0.0984375 0.07222222222222222
0 0.175 0.6527777777777778 0.04453125 0.08472222222222223
2 0.3140625 0.17152777777777778 0.628125 0.20277777777777778
2 0.30234375 0.9222222222222223 0.0640625 0.1527777777777778
2 0.87734375 0.5666666666666667 0.0359375 0.04722222222222222
2 0.580859375 0.6979166666666666 0.09453125 0.10833333333333334
0 0.70078125 0.5520833333333334 0.0390625 0.04583333333333333
0 0.129296875 0.7861111111111111 0.07109375 0.04583333333333333
0 0.07734375 0.5395833333333333 0.0359375 0.07222222222222222
0 0.6296875 0.3909722222222222 0.04453125 0.029166666666666667
0 0.291015625 0.6236111111111111 0.078125 0.075
0 0.5625 0.15625 0.059375 0.03611111111111111
0 0.3640625 0.31666666666666665 0.04765625 0.041666666666666664
0 0.079296875 0.76875 0.078125 0.09166666666666666
0 0.971875 0.47708333333333336 0.04453125 0.044444444444444446
1 0.499609375 0.14375 0.99921875 0.2875
0 0.103515625 0.9111111111111111 0.15078125 0.175
0 0.6890625 0.44166666666666665 0.0671875 0.041666666666666664
0 0.352734375 0.48819444444444443 0.0875 0.06666666666666667
0 0.765234375 0.34791666666666665 0.04375 0.02638888888888889
0 0.608984375 0.60625 0.06015625 0.0625
0 0.87578125 0.4013888888888889 0.0453125 0.0375
0 0.4140625 0.9583333333333334 0.0421875 0.06666666666666667
0 0.891796875 0.8152777777777778 0.0859375 0.06666666666666667
0 0.0359375 0.6145833333333334 0.0328125 0.04722222222222222
0 0.128125 0.6451388888888889 0.0359375 0.044444444444444446
0 0.411328125 0.6243055555555556 0.05703125 0.07222222222222222
0 0.765234375 0.5409722222222222 0.04609375 0.09444444444444444
0 0.21640625 0.6763888888888889 0.05625 0.08194444444444444
0 0.1109375 0.53125 0.03828125 0.09305555555555556
0 0.308203125 0.7569444444444444 0.06484375 0.10833333333333334
0 0.922265625 0.3659722222222222 0.04765625 0.027777777777777776
0 0.343359375 0.6361111111111111 0.05625 0.03888888888888889
0 0.40234375 0.2298611111111111 0.0359375 0.04583333333333333
0 0.3640625 0.56875 0.05078125 0.06527777777777778
0 0.709765625 0.7097222222222223 0.08828125 0.041666666666666664
0 0.42734375 0.32708333333333334 0.07421875 0.07361111111111111
0 0.420703125 0.7590277777777777 0.10546875 0.1388888888888889
