0 0.271875 0.27569444444444446 0.05 0.03611111111111111
0 0.018359375 0.26319444444444445 0.03515625 0.02638888888888889
0 0.280078125 0.18541666666666667 0.00625 0.002777777777777778
0 0.27890625 0.1951388888888889 0.0203125 0.019444444444444445
0 0.14921875 0.19236111111111112 0.0328125 0.03194444444444444
0 0.253515625 0.2569444444444444 0.090625 0.07916666666666666
0 0.436328125 0.18958333333333333 0.1046875 0.058333333333333334
2 0.664453125 0.7847222222222222 0.021875 0.05694444444444444
0 0.161328125 0.45625 0.05 0.041666666666666664
0 0.48125 0.28958333333333336 0.0375 0.059722222222222225
0 0.491015625 0.39166666666666666 0.04765625 0.04583333333333333
0 0.578515625 0.22152777777777777 0.01484375 0.016666666666666666
0 0.96640625 0.35694444444444445 0.05625 0.029166666666666667
0 0.608203125 0.25277777777777777 0.040625 0.0125
0 0.7703125 0.46458333333333335 0.02890625 0.030555555555555555
1 0.5 0.675 0.9984375 0.6472222222222223
