0 0.938671875 0.13055555555555556 0.075 0.08194444444444444
0 0.28671875 0.5125 0.0140625 0.016666666666666666
0 0.307421875 0.30416666666666664 0.015625 0.013888888888888888
0 0.25390625 0.34305555555555556 0.0203125 0.02638888888888889
0 0.702734375 0.7326388888888888 0.02734375 0.020833333333333332
0 0.364453125 0.3236111111111111 0.0140625 0.016666666666666666
0 0.253515625 0.3423611111111111 0.015625 0.020833333333333332
0 0.4328125 0.46805555555555556 0.01640625 0.022222222222222223
0 0.911328125 0.7881944444444444 0.0109375 0.043055555555555555
2 0.084375 0.7034722222222223 0.0890625 0.08333333333333333
2 0.2375 0.7048611111111112 0.06953125 0.06388888888888888
2 0.672265625 0.6319444444444444 0.01640625 0.030555555555555555
2 0.4015625 0.6888888888888889 0.08671875 0.11388888888888889
0 0.018359375 0.4979166666666667 0.0296875 0.03194444444444444
0 0.690625 0.7701388888888889 0.02109375 0.018055555555555554
0 0.016796875 0.43472222222222223 0.03203125 0.029166666666666667
0 0.719921875 0.6597222222222222 0.0484375 0.025
1 0.5 0.8770833333333333 0.9984375 0.24305555555555555
0 0.194140625 0.4486111111111111 0.0265625 0.03611111111111111
0 0.9234375 0.035416666666666666 0.04140625 0.04027777777777778
0 0.07265625 0.5076388888888889 0.0390625 0.02638888888888889
0 0.059375 0.4527777777777778 0.02265625 0.03611111111111111
0 0.016015625 0.33055555555555555 0.0296875 0.03333333333333333
