0 0.794140625 0.5201388888888889 0.046875 0.04027777777777778
0 0.069921875 0.3055555555555556 0.1 0.08472222222222223
2 0.45390625 0.6534722222222222 0.03359375 0.06666666666666667
2 0.80234375 0.6222222222222222 0.05625 0.041666666666666664
0 0.853125 0.5722222222222222 0.02265625 0.029166666666666667
0 0.91484375 0.5138888888888888 0.06953125 0.0375
0 0.6734375 0.5055555555555555 0.0421875 0.044444444444444446
1 0.5 0.8798611111111111 0.9984375 0.2375
0 0.23671875 0.6798611111111111 0.03203125 0.022222222222222223
0 0.501171875 0.5638888888888889 0.06328125 0.043055555555555555
