0 0.066796875 0.18333333333333332 0.08046875 0.05694444444444444
0 0.330859375 0.041666666666666664 0.028125 0.05277777777777778
0 0.672265625 0.31319444444444444 0.025 0.0375
0 0.7046875 0.17916666666666667 0.02578125 0.058333333333333334
0 0.5390625 0.3840277777777778 0.05625 0.04583333333333333
0 0.70859375 0.2388888888888889 0.025 0.04861111111111111
0 0.434765625 0.6736111111111112 0.0359375 0.04722222222222222
0 0.150390625 0.8340277777777778 0.02265625 0.027777777777777776
0 0.51796875 0.6125 0.053125 0.10138888888888889
0 0.353515625 0.6756944444444445 0.0390625 0.034722222222222224
0 0.52265625 0.14652777777777778 0.02421875 0.05277777777777778
0 0.573046875 0.525 0.02265625 0.034722222222222224
0 0.83671875 0.1597222222222222 0.06875 0.04027777777777778
0 0.68984375 0.41388888888888886 0.0484375 0.06944444444444445
0 0.740625 0.5715277777777777 0.10625 0.04722222222222222
1 0.499609375 0.8868055555555555 0.99921875 0.22361111111111112
0 0.31640625 0.6388888888888888 0.03828125 0.03611111111111111
0 0.27890625 0.6729166666666667 0.046875 0.04722222222222222
0 0.170703125 0.48333333333333334 0.1046875 0.0763888888888889
