0 0.492578125 0.49166666666666664 0.0359375 0.0375
0 0.071484375 0.5215277777777778 0.09375 0.07083333333333333
0 0.7 0.6284722222222222 0.11171875 0.04861111111111111
0 0.4109375 0.5034722222222222 0.10625 0.18472222222222223
2 0.910546875 0.84375 0.02265625 0.02638888888888889
2 0.615625 0.8194444444444444 0.0390625 0.025
2 0.80859375 0.6472222222222223 0.028125 0.022222222222222223
0 0.260546875 0.2777777777777778 0.04921875 0.05138888888888889
0 0.611328125 0.6180555555555556 0.040625 0.0375
0 0.55390625 0.6201388888888889 0.05 0.05416666666666667
0 0.73984375 0.5576388888888889 0.0484375 0.04861111111111111
1 0.5 0.90625 1 0.18472222222222223
0 0.2703125 0.5222222222222223 0.05078125 0.02361111111111111
0 0.789453125 0.6104166666666667 0.0765625 0.05
