0 0.605859375 0.9027777777777778 0.05 0.1
0 0.677734375 0.9673611111111111 0.14921875 0.04027777777777778
0 0.788671875 0.8152777777777778 0.42109375 0.3611111111111111
2 0.376171875 0.41180555555555554 0.31328125 0.2902777777777778
0 0.336328125 0.9097222222222222 0.10078125 0.08888888888888889
0 0.059375 0.9388888888888889 0.1125 0.1125
0 0.7765625 0.5173611111111112 0.06953125 0.05138888888888889
0 0.108984375 0.34930555555555554 0.0296875 0.05416666666666667
1 0.5 0.1388888888888889 0.9984375 0.2777777777777778
0 0.408203125 0.8118055555555556 0.078125 0.06666666666666667
0 0.159375 0.7736111111111111 0.03671875 0.043055555555555555
0 0.5015625 0.9201388888888888 0.04453125 0.06944444444444445
0 0.4015625 0.7048611111111112 0.0796875 0.14722222222222223
0 0.188671875 0.6131944444444445 0.0328125 0.06388888888888888
0 0.02734375 0.7979166666666667 0.04375 0.06805555555555555
0 0.31875 0.5798611111111112 0.06328125 0.07083333333333333
0 0.785546875 0.6194444444444445 0.04140625 0.06388888888888888
0 0.3734375 0.8402777777777778 0.06796875 0.08194444444444444
0 0.726171875 0.3236111111111111 0.15546875 0.08472222222222223
