0 0.241015625 0.41875 0.14296875 0.07222222222222222
0 0.666796875 0.03333333333333333 0.06640625 0.05555555555555555
2 0.94609375 0.6590277777777778 0.10625 0.12916666666666668
2 0.512890625 0.6291666666666667 0.11015625 0.15833333333333333
2 0.287890625 0.63125 0.090625 0.07222222222222222
2 0.860546875 0.5423611111111111 0.27265625 0.18055555555555555
0 0.558203125 0.08819444444444445 0.18359375 0.125
1 0.5 0.8486111111111111 1 0.3
0 0.42578125 0.2881944444444444 0.0203125 0.044444444444444446
0 0.06875 0.12916666666666668 0.11796875 0.08333333333333333
0 0.258203125 0.11180555555555556 0.35625 0.2152777777777778
