0 0.583984375 0.36666666666666664 0.02265625 0.02638888888888889
0 0.54921875 0.8013888888888889 0.00859375 0.041666666666666664
2 0.263671875 0.6416666666666667 0.196875 0.15555555555555556
2 0.688671875 0.6375 0.02109375 0.030555555555555555
2 0.9640625 0.3763888888888889 0.0234375 0.02638888888888889
1 0.5 0.8590277777777777 0.9984375 0.2791666666666667
0 0.70390625 0.1875 0.08046875 0.05416666666666667
0 0.204296875 0.1798611111111111 0.0875 0.08194444444444444
0 0.10078125 0.07777777777777778 0.2 0.1527777777777778
0 0.584375 0.21388888888888888 0.0640625 0.04722222222222222
0 0.435546875 0.04027777777777778 0.08984375 0.07777777777777778
