0 0.881640625 0.575 0.06484375 0.034722222222222224
0 0.84296875 0.05694444444444444 0.0859375 0.059722222222222225
0 0.377734375 0.575 0.159375 0.09027777777777778
0 0.691796875 0.5597222222222222 0.20703125 0.18333333333333332
2 0.305078125 0.6861111111111111 0.53359375 0.23194444444444445
0 0.714453125 0.2881944444444444 0.0515625 0.043055555555555555
0 0.4765625 0.14166666666666666 0.0625 0.10416666666666667
0 0.823828125 0.46458333333333335 0.0625 0.044444444444444446
0 0.0984375 0.06180555555555556 0.078125 0.06944444444444445
0 0.683203125 0.18125 0.11640625 0.14305555555555555
1 0.5 0.8631944444444445 0.9984375 0.2708333333333333
0 0.5203125 0.03263888888888889 0.04296875 0.04583333333333333
0 0.847265625 0.3854166666666667 0.04453125 0.05138888888888889
0 0.7921875 0.14027777777777778 0.046875 0.041666666666666664
0 0.40234375 0.13055555555555556 0.08203125 0.12222222222222222
0 0.9078125 0.46111111111111114 0.0421875 0.044444444444444446
0 0.965625 0.24583333333333332 0.04921875 0.09305555555555556
0 0.188671875 0.2875 0.11484375 0.09583333333333334
0 0.560546875 0.3347222222222222 0.08046875 0.12777777777777777
0 0.55546875 0.4979166666666667 0.26015625 0.12638888888888888
