0 0.259765625 0.4652777777777778 0.0359375 0.03888888888888889
0 0.293359375 0.12986111111111112 0.0609375 0.05138888888888889
0 0.464453125 0.6381944444444444 0.02265625 0.03611111111111111
0 0.62578125 0.7486111111111111 0.0703125 0.05416666666666667
0 0.49140625 0.5791666666666667 0.0265625 0.04027777777777778
2 0.931640625 0.48819444444444443 0.03984375 0.08888888888888889
0 0.798046875 0.18194444444444444 0.1421875 0.15416666666666667
0 0.461328125 0.5958333333333333 0.0203125 0.030555555555555555
0 0.179296875 0.49583333333333335 0.028125 0.0375
1 0.499609375 0.8729166666666667 0.99921875 0.2513888888888889
0 0.991015625 0.7555555555555555 0.01328125 0.03194444444444444
0 0.580078125 0.7361111111111112 0.03828125 0.027777777777777776
0 0.908984375 0.7416666666666667 0.0609375 0.03194444444444444
0 0.671875 0.7576388888888889 0.02421875 0.02361111111111111
