0 0.5328125 0.4701388888888889 0.05625 0.18611111111111112
0 0.72578125 0.5770833333333333 0.0765625 0.044444444444444446
0 0.620703125 0.5652777777777778 0.04140625 0.0375
0 0.475 0.3013888888888889 0.02890625 0.043055555555555555
0 0.101171875 0.3597222222222222 0.1234375 0.06388888888888888
0 0.268359375 0.47708333333333336 0.059375 0.04722222222222222
0 0.252734375 0.3888888888888889 0.13515625 0.05555555555555555
0 0.325 0.06458333333333334 0.06953125 0.1111111111111111
0 0.811328125 0.5659722222222222 0.06484375 0.04861111111111111
1 0.5 0.8777777777777778 1 0.24166666666666667
0 0.416796875 0.47430555555555554 0.0359375 0.027777777777777776
0 0.7765625 0.5125 0.04375 0.05277777777777778
