0 0.395703125 0.3402777777777778 0.11484375 0.08055555555555556
0 0.349609375 0.65625 0.05390625 0.027777777777777776
0 0.590625 0.58125 0.01875 0.016666666666666666
0 0.10859375 0.5291666666666667 0.015625 0.016666666666666666
0 0.569921875 0.5708333333333333 0.01796875 0.016666666666666666
0 0.67578125 0.5659722222222222 0.0453125 0.02361111111111111
0 0.2046875 0.41180555555555554 0.015625 0.018055555555555554
0 0.418359375 0.5854166666666667 0.04765625 0.043055555555555555
0 0.42421875 0.5763888888888888 0.02265625 0.011111111111111112
0 0.519140625 0.1451388888888889 0.034375 0.04027777777777778
0 0.15390625 0.6729166666666667 0.0203125 0.019444444444444445
0 0.61484375 0.4826388888888889 0.0328125 0.02361111111111111
1 0.5 0.7694444444444445 1 0.4583333333333333
0 0.019921875 0.5270833333333333 0.03984375 0.020833333333333332
0 0.110546875 0.5826388888888889 0.01484375 0.027777777777777776
0 0.838671875 0.5451388888888888 0.0515625 0.020833333333333332
0 0.58125 0.44166666666666665 0.0171875 0.03194444444444444
0 0.79765625 0.5215277777777778 0.01640625 0.0125
0 0.817578125 0.5083333333333333 0.02734375 0.02361111111111111
0 0.694921875 0.4479166666666667 0.025 0.03333333333333333
