0 0.217578125 0.004166666666666667 0.00234375 0.005555555555555556
0 0.286328125 0.050694444444444445 0.13828125 0.09861111111111111
0 0.3609375 0.6111111111111112 0.05234375 0.043055555555555555
0 0.848828125 0.48125 0.08046875 0.05416666666666667
2 0.476171875 0.04722222222222222 0.10546875 0.09166666666666666
2 0.9734375 0.3388888888888889 0.0515625 0.08055555555555556
2 0.480078125 0.5020833333333333 0.0671875 0.029166666666666667
2 0.90625 0.08888888888888889 0.06484375 0.0875
2 0.3578125 0.43472222222222223 0.0484375 0.041666666666666664
2 0.83671875 0.0625 0.1953125 0.11805555555555555
2 0.19140625 0.30416666666666664 0.053125 0.05555555555555555
2 0.548828125 0.2972222222222222 0.03203125 0.06805555555555555
1 0.5 0.8180555555555555 1 0.3611111111111111
0 0.612109375 0.06944444444444445 0.0484375 0.08194444444444444
0 0.120703125 0.18541666666666667 0.05234375 0.06527777777777778
0 0.687109375 0.19722222222222222 0.078125 0.09722222222222222
0 0.053515625 0.49236111111111114 0.0234375 0.027777777777777776
0 0.242578125 0.5659722222222222 0.16171875 0.07222222222222222
