0 0.010546875 0.6895833333333333 0.01953125 0.04861111111111111
0 0.567578125 0.8263888888888888 0.01015625 0.05555555555555555
0 0.428515625 0.3888888888888889 0.02734375 0.030555555555555555
0 0.677734375 0.6354166666666666 0.0359375 0.020833333333333332
0 0.262109375 0.48194444444444445 0.02578125 0.03333333333333333
0 0.616015625 0.6381944444444444 0.01640625 0.015277777777777777
0 0.82265625 0.6777777777777778 0.01328125 0.022222222222222223
0 0.941015625 0.6145833333333334 0.01875 0.020833333333333332
0 0.677734375 0.7506944444444444 0.0140625 0.02361111111111111
0 0.622265625 0.6666666666666666 0.0125 0.020833333333333332
2 0.111328125 0.7402777777777778 0.06171875 0.05694444444444444
2 0.381640625 0.7701388888888889 0.1609375 0.0875
0 0.61875 0.7583333333333333 0.03984375 0.018055555555555554
0 0.320703125 0.5958333333333333 0.29140625 0.09861111111111111
0 0.5640625 0.6048611111111111 0.05625 0.04583333333333333
1 0.5 0.8784722222222222 0.9984375 0.24027777777777778
0 0.9734375 0.3548611111111111 0.0515625 0.07361111111111111
