0 0.503515625 0.6083333333333333 0.01640625 0.02638888888888889
0 0.78125 0.47847222222222224 0.159375 0.14444444444444443
0 0.506640625 0.5263888888888889 0.0796875 0.0375
0 0.128125 0.56875 0.04296875 0.041666666666666664
0 0.18515625 0.5590277777777778 0.0140625 0.02361111111111111
0 0.603515625 0.47638888888888886 0.028125 0.05694444444444444
0 0.437109375 0.5993055555555555 0.0640625 0.044444444444444446
0 0.528515625 0.6381944444444444 0.02578125 0.04027777777777778
0 0.912109375 0.5895833333333333 0.08671875 0.07777777777777778
0 0.7484375 0.5388888888888889 0.01484375 0.04027777777777778
2 0.775 0.4486111111111111 0.015625 0.020833333333333332
2 0.973046875 0.44513888888888886 0.04609375 0.1
0 0.653515625 0.7888888888888889 0.0421875 0.05277777777777778
0 0.61953125 0.5381944444444444 0.08359375 0.058333333333333334
0 0.39765625 0.7083333333333334 0.05703125 0.058333333333333334
0 0.35859375 0.7729166666666667 0.05234375 0.04722222222222222
0 0.4671875 0.7041666666666667 0.0359375 0.0375
0 0.243359375 0.8694444444444445 0.02421875 0.030555555555555555
1 0.676171875 0.8708333333333333 0.64765625 0.25555555555555554
0 0.71640625 0.1125 0.04609375 0.12638888888888888
0 0.263671875 0.5888888888888889 0.04296875 0.043055555555555555
