0 0.512890625 0.41388888888888886 0.02421875 0.019444444444444445
0 0.286328125 0.3368055555555556 0.05234375 0.022222222222222223
0 0.534375 0.4041666666666667 0.01484375 0.019444444444444445
0 0.61640625 0.4152777777777778 0.0453125 0.019444444444444445
0 0.146875 0.5777777777777777 0.01640625 0.02361111111111111
0 0.169921875 0.36527777777777776 0.015625 0.022222222222222223
0 0.773828125 0.43472222222222223 0.04453125 0.019444444444444445
0 0.34296875 0.6381944444444444 0.11640625 0.07916666666666666
0 0.75625 0.47430555555555554 0.025 0.019444444444444445
0 0.044140625 0.4666666666666667 0.01796875 0.013888888888888888
0 0.559375 0.5006944444444444 0.02734375 0.025
0 0.734375 0.45694444444444443 0.02109375 0.013888888888888888
1 0.499609375 0.23819444444444443 0.99921875 0.47638888888888886
0 0.22109375 0.425 0.0203125 0.015277777777777777
0 0.528125 0.5486111111111112 0.03125 0.034722222222222224
0 0.69296875 0.5395833333333333 0.0265625 0.018055555555555554
0 0.040234375 0.4097222222222222 0.01875 0.030555555555555555
0 0.363671875 0.4125 0.0265625 0.0125
0 0.089453125 0.31805555555555554 0.01640625 0.0125
0 0.471875 0.8347222222222223 0.03515625 0.044444444444444446
0 0.916015625 0.5083333333333333 0.0375 0.019444444444444445
0 0.63984375 0.5333333333333333 0.0203125 0.02638888888888889
0 0.366015625 0.39444444444444443 0.03359375 0.022222222222222223
