0 0.390234375 0.13819444444444445 0.10703125 0.0375
0 0.682421875 0.4166666666666667 0.06640625 0.05138888888888889
0 0.441015625 0.18541666666666667 0.0421875 0.0875
0 0.274609375 0.20902777777777778 0.39921875 0.3625
0 0.281640625 0.46875 0.0921875 0.05694444444444444
2 0.6609375 0.7076388888888889 0.196875 0.15833333333333333
0 0.9328125 0.11666666666666667 0.121875 0.2222222222222222
0 0.8 0.40555555555555556 0.03125 0.0375
0 0.327734375 0.3770833333333333 0.08828125 0.06666666666666667
0 0.33359375 0.5756944444444444 0.04296875 0.05277777777777778
0 0.772265625 0.23472222222222222 0.07890625 0.09027777777777778
0 0.873828125 0.6152777777777778 0.028125 0.03194444444444444
1 0.5 0.8152777777777778 1 0.36666666666666664
0 0.620703125 0.2652777777777778 0.0890625 0.1486111111111111
0 0.09453125 0.34791666666666665 0.0546875 0.04583333333333333
0 0.646484375 0.058333333333333334 0.07890625 0.08055555555555556
0 0.54453125 0.13680555555555557 0.06328125 0.1486111111111111
0 0.948046875 0.27708333333333335 0.05859375 0.06805555555555555
0 0.83359375 0.06944444444444445 0.2046875 0.12222222222222222
0 0.421484375 0.09930555555555555 0.22109375 0.19583333333333333
0 0.6296875 0.36180555555555555 0.0328125 0.05277777777777778
0 0.834765625 0.2388888888888889 0.32890625 0.43333333333333335
0 0.66171875 0.22013888888888888 0.1984375 0.3402777777777778
0 0.27109375 0.39166666666666666 0.03671875 0.05
0 0.516796875 0.31666666666666665 0.13515625 0.20416666666666666
0 0.810546875 0.2763888888888889 0.028125 0.03611111111111111
0 0.30859375 0.6395833333333333 0.15234375 0.09583333333333334
