0 0.340625 0.46458333333333335 0.0671875 0.0375
0 0.28203125 0.8277777777777777 0.0765625 0.08472222222222223
0 0.86796875 0.675 0.09453125 0.05555555555555555
0 0.26015625 0.9729166666666667 0.1890625 0.05138888888888889
0 0.623046875 0.8611111111111112 0.05234375 0.275
0 0.634765625 0.4979166666666667 0.01953125 0.027777777777777776
2 0.72578125 0.6930555555555555 0.05546875 0.059722222222222225
0 0.72109375 0.2611111111111111 0.01875 0.015277777777777777
0 0.723046875 0.3541666666666667 0.02421875 0.025
1 0.499609375 0.17569444444444443 0.99921875 0.35138888888888886
0 0.903515625 0.46319444444444446 0.02734375 0.019444444444444445
0 0.70390625 0.9034722222222222 0.0296875 0.04027777777777778
0 0.608984375 0.5652777777777778 0.0203125 0.016666666666666666
0 0.4734375 0.8340277777777778 0.04765625 0.022222222222222223
0 0.78203125 0.6881944444444444 0.04921875 0.034722222222222224
0 0.937890625 0.80625 0.04921875 0.058333333333333334
0 0.96328125 0.7104166666666667 0.071875 0.04583333333333333
