0 0.406640625 0.15138888888888888 0.0734375 0.09027777777777778
0 0.43828125 0.6097222222222223 0.02890625 0.03888888888888889
0 0.215234375 0.21319444444444444 0.0296875 0.034722222222222224
0 0.37265625 0.6020833333333333 0.0265625 0.030555555555555555
1 0.5 0.8472222222222222 0.9984375 0.3055555555555556
0 0.035546875 0.6388888888888888 0.01875 0.029166666666666667
0 0.456640625 0.39652777777777776 0.03671875 0.06388888888888888
0 0.970703125 0.3138888888888889 0.03984375 0.06944444444444445
0 0.864453125 0.4840277777777778 0.06328125 0.04583333333333333
0 0.79453125 0.5375 0.02734375 0.025
0 0.24765625 0.6611111111111111 0.0421875 0.025
0 0.199609375 0.09444444444444444 0.03515625 0.043055555555555555
0 0.808984375 0.4965277777777778 0.05390625 0.04583333333333333
0 0.1484375 0.05416666666666667 0.1828125 0.10555555555555556
