0 0.380859375 0.6222222222222222 0.02734375 0.03194444444444444
0 0.990625 0.38263888888888886 0.0171875 0.04027777777777778
0 0.903515625 0.39166666666666666 0.0203125 0.03333333333333333
0 0.22265625 0.5236111111111111 0.021875 0.03333333333333333
0 0.46484375 0.21736111111111112 0.040625 0.027777777777777776
2 0.36328125 0.2298611111111111 0.15546875 0.09722222222222222
0 0.53046875 0.4013888888888889 0.05625 0.05416666666666667
0 0.59140625 0.3680555555555556 0.02421875 0.022222222222222223
0 0.6 0.24305555555555555 0.04609375 0.019444444444444445
0 0.917578125 0.6444444444444445 0.0796875 0.07777777777777778
0 0.1765625 0.46458333333333335 0.059375 0.06666666666666667
0 0.09453125 0.26666666666666666 0.0625 0.06666666666666667
0 0.925390625 0.22916666666666666 0.07890625 0.03611111111111111
0 0.718359375 0.4618055555555556 0.10859375 0.075
1 0.5 0.11805555555555555 0.9984375 0.2361111111111111
0 0.79375 0.32708333333333334 0.0203125 0.029166666666666667
0 0.65078125 0.37569444444444444 0.0328125 0.029166666666666667
0 0.320703125 0.40902777777777777 0.234375 0.09861111111111111
