0 0.747265625 0.22569444444444445 0.0765625 0.1111111111111111
0 0.25234375 0.6131944444444445 0.1046875 0.06388888888888888
2 0.9796875 0.6534722222222222 0.0390625 0.09305555555555556
2 0.841796875 0.6638888888888889 0.09296875 0.12638888888888888
2 0.579296875 0.6527777777777778 0.21484375 0.08611111111111111
2 0.559375 0.7263888888888889 0.11171875 0.08611111111111111
0 0.813671875 0.3576388888888889 0.0421875 0.05694444444444444
0 0.285546875 0.1125 0.04921875 0.06388888888888888
1 0.5 0.8597222222222223 0.9984375 0.2777777777777778
0 0.66796875 0.044444444444444446 0.0328125 0.05277777777777778
0 0.97578125 0.29791666666666666 0.03203125 0.058333333333333334
0 0.8296875 0.41944444444444445 0.06015625 0.06805555555555555
0 0.687109375 0.4270833333333333 0.20390625 0.15
