0 0.65 0.5652777777777778 0.14765625 0.11805555555555555
0 0.726953125 0.30486111111111114 0.0296875 0.043055555555555555
2 0.93828125 0.2534722222222222 0.04296875 0.0625
2 0.86875 0.26944444444444443 0.0484375 0.06111111111111111
2 0.602734375 0.6958333333333333 0.04453125 0.03888888888888889
2 0.31796875 0.09027777777777778 0.04140625 0.06527777777777778
2 0.717578125 0.6701388888888888 0.56328125 0.44305555555555554
2 0.22265625 0.18819444444444444 0.046875 0.05555555555555555
0 0.084375 0.1625 0.04375 0.06527777777777778
1 0.5 0.7722222222222223 0.9984375 0.4527777777777778
0 0.20859375 0.44027777777777777 0.03046875 0.034722222222222224
0 0.7765625 0.08472222222222223 0.05 0.05277777777777778
0 0.1234375 0.49722222222222223 0.02265625 0.030555555555555555
0 0.75234375 0.4236111111111111 0.0515625 0.10833333333333334
0 0.475390625 0.6388888888888888 0.0390625 0.029166666666666667
0 0.34140625 0.375 0.0375 0.05138888888888889
0 0.178515625 0.3763888888888889 0.0328125 0.034722222222222224
0 0.791015625 0.18055555555555555 0.04453125 0.04583333333333333
0 0.96796875 0.11597222222222223 0.05234375 0.07361111111111111
0 0.463671875 0.23958333333333334 0.0515625 0.03611111111111111
0 0.8328125 0.06527777777777778 0.040625 0.06388888888888888
0 0.2078125 0.29375 0.046875 0.0375
0 0.397265625 0.11805555555555555 0.03125 0.03611111111111111
0 0.77421875 0.28680555555555554 0.0734375 0.07777777777777778
0 0.690625 0.4083333333333333 0.09296875 0.08194444444444444
0 0.668359375 0.32569444444444445 0.15859375 0.09166666666666666
0 0.153515625 0.13125 0.071875 0.06944444444444445
0 0.782421875 0.4340277777777778 0.0359375 0.10694444444444444
