0 0.971875 0.17152777777777778 0.021875 0.02638888888888889
0 0.05078125 0.35694444444444445 0.04609375 0.027777777777777776
0 0.052734375 0.27152777777777776 0.059375 0.02361111111111111
0 0.1734375 0.6055555555555555 0.18671875 0.06388888888888888
0 0.634375 0.24166666666666667 0.02265625 0.015277777777777777
0 0.56328125 0.45208333333333334 0.02578125 0.027777777777777776
0 0.205859375 0.22777777777777777 0.01171875 0.019444444444444445
0 0.289453125 0.26666666666666666 0.06171875 0.025
0 0.12421875 0.21805555555555556 0.01328125 0.015277777777777777
0 0.558203125 0.3284722222222222 0.0296875 0.016666666666666666
0 0.58671875 0.2798611111111111 0.01875 0.02361111111111111
0 0.21484375 0.49027777777777776 0.0859375 0.07361111111111111
0 0.81796875 0.38819444444444445 0.109375 0.04861111111111111
0 0.5625 0.51875 0.0703125 0.20694444444444443
2 0.555078125 0.17777777777777778 0.0546875 0.04583333333333333
2 0.32734375 0.3451388888888889 0.02265625 0.02638888888888889
2 0.7890625 0.13055555555555556 0.0609375 0.029166666666666667
0 0.015625 0.6458333333333334 0.03125 0.03333333333333333
0 0.11328125 0.7118055555555556 0.01875 0.022222222222222223
0 0.730859375 0.39861111111111114 0.0390625 0.027777777777777776
0 0.476953125 0.7423611111111111 0.046875 0.05555555555555555
0 0.88359375 0.46111111111111114 0.0578125 0.05138888888888889
0 0.674609375 0.40069444444444446 0.05 0.05
0 0.600390625 0.2263888888888889 0.053125 0.0125
1 0.499609375 0.09930555555555555 0.99921875 0.1986111111111111
0 0.808984375 0.30486111111111114 0.009375 0.022222222222222223
0 0.75703125 0.18611111111111112 0.015625 0.008333333333333333
0 0.852734375 0.2611111111111111 0.0359375 0.011111111111111112
0 0.539453125 0.22291666666666668 0.00390625 0.006944444444444444
0 0.43203125 0.24583333333333332 0.0125 0.011111111111111112
0 0.65078125 0.5333333333333333 0.03203125 0.03194444444444444
0 0.410546875 0.49722222222222223 0.05390625 0.02638888888888889
0 0.50859375 0.2722222222222222 0.01484375 0.011111111111111112
0 0.775390625 0.16041666666666668 0.01484375 0.009722222222222222
0 0.91796875 0.4041666666666667 0.08046875 0.043055555555555555
