0 0.383203125 0.2916666666666667 0.05390625 0.04722222222222222
0 0.215234375 0.8083333333333333 0.43046875 0.38055555555555554
2 0.665625 0.25277777777777777 0.25703125 0.1763888888888889
0 0.294140625 0.6215277777777778 0.10390625 0.06944444444444445
0 0.764453125 0.22916666666666666 0.04609375 0.034722222222222224
0 0.269140625 0.3854166666666667 0.11015625 0.06527777777777778
0 0.88125 0.3486111111111111 0.1453125 0.10694444444444444
1 0.499609375 0.14375 0.99921875 0.2847222222222222
0 0.923828125 0.5909722222222222 0.15078125 0.28194444444444444
0 0.22890625 0.5958333333333333 0.040625 0.05416666666666667
0 0.625 0.7979166666666667 0.06484375 0.06388888888888888
0 0.9703125 0.7555555555555555 0.0578125 0.07222222222222222
0 0.465625 0.7479166666666667 0.05234375 0.06388888888888888
0 0.609765625 0.7736111111111111 0.77890625 0.45
0 0.380078125 0.44583333333333336 0.059375 0.0875
0 0.587890625 0.4263888888888889 0.13203125 0.14583333333333334
0 0.823828125 0.9583333333333334 0.06484375 0.07777777777777778
0 0.503515625 0.3701388888888889 0.05625 0.04861111111111111
0 0.040234375 0.64375 0.05703125 0.05694444444444444
0 0.07421875 0.6888888888888889 0.03515625 0.04861111111111111
0 0.696484375 0.4111111111111111 0.05 0.05277777777777778
0 0.259765625 0.50625 0.1359375 0.06388888888888888
0 0.284765625 0.3284722222222222 0.14609375 0.058333333333333334
