0 0.741796875 0.3819444444444444 0.09609375 0.03888888888888889
0 0.958203125 0.3506944444444444 0.03046875 0.043055555555555555
0 0.528515625 0.4166666666666667 0.11171875 0.015277777777777777
0 0.991796875 0.27152777777777776 0.009375 0.011111111111111112
0 0.78984375 0.5055555555555555 0.1234375 0.07083333333333333
0 0.736328125 0.9652777777777778 0.03515625 0.04861111111111111
0 0.54765625 0.8118055555555556 0.03125 0.03888888888888889
2 0.421484375 0.4618055555555556 0.24453125 0.09861111111111111
2 0.43671875 0.3645833333333333 0.1234375 0.07916666666666666
2 0.121875 0.44166666666666665 0.08984375 0.12777777777777777
0 0.313671875 0.8534722222222222 0.003125 0.002777777777777778
0 0.3171875 0.8729166666666667 0.0328125 0.044444444444444446
0 0.1140625 0.9388888888888889 0.05078125 0.06527777777777778
0 0.169140625 0.9458333333333333 0.03828125 0.04722222222222222
0 0.090234375 0.8201388888888889 0.09453125 0.08055555555555556
0 0.3671875 0.7381944444444445 0.04140625 0.05416666666666667
1 0.499609375 0.16944444444444445 0.99921875 0.3388888888888889
0 0.803515625 0.37430555555555556 0.01640625 0.0125
0 0.236328125 0.8006944444444445 0.18046875 0.17916666666666667
