0 0.38671875 0.3416666666666667 0.11328125 0.08611111111111111
0 0.200390625 0.40555555555555556 0.01875 0.025
0 0.66875 0.5645833333333333 0.0546875 0.03611111111111111
0 0.576171875 0.5694444444444444 0.04921875 0.034722222222222224
1 0.5 0.7756944444444445 1 0.44583333333333336
0 0.95 0.4548611111111111 0.090625 0.04722222222222222
0 0.576171875 0.4215277777777778 0.025 0.04861111111111111
0 0.154296875 0.6701388888888888 0.021875 0.02361111111111111
0 0.417578125 0.5888888888888889 0.04453125 0.02638888888888889
0 0.691015625 0.43680555555555556 0.028125 0.03194444444444444
0 0.018359375 0.5215277777777778 0.03671875 0.025
0 0.508203125 0.13680555555555557 0.0390625 0.05
0 0.812890625 0.49375 0.02578125 0.025
0 0.276953125 0.5555555555555556 0.0234375 0.018055555555555554
0 0.83046875 0.5388888888888889 0.05078125 0.030555555555555555
