0 0.7328125 0.4777777777777778 0.08671875 0.05138888888888889
0 0.75859375 0.6027777777777777 0.0140625 0.034722222222222224
0 0.110546875 0.2916666666666667 0.0390625 0.03194444444444444
0 0.75546875 0.7423611111111111 0.40703125 0.35
0 0.922265625 0.19652777777777777 0.01015625 0.018055555555555554
0 0.6015625 0.27708333333333335 0.02890625 0.04583333333333333
0 0.788671875 0.575 0.0515625 0.04722222222222222
0 0.03046875 0.40208333333333335 0.0265625 0.043055555555555555
0 0.736328125 0.32013888888888886 0.0875 0.05
0 0.078515625 0.83125 0.10546875 0.16527777777777777
0 0.6859375 0.5722222222222222 0.09453125 0.06666666666666667
0 0.12578125 0.3347222222222222 0.03828125 0.04861111111111111
0 0.9265625 0.6006944444444444 0.05546875 0.04861111111111111
0 0.078125 0.3902777777777778 0.03671875 0.0375
0 0.204296875 0.5458333333333333 0.028125 0.02361111111111111
0 0.655078125 0.3076388888888889 0.04375 0.041666666666666664
0 0.347265625 0.9236111111111112 0.09765625 0.12638888888888888
0 0.96328125 0.5 0.05625 0.04027777777777778
0 0.460546875 0.8340277777777778 0.05234375 0.04722222222222222
0 0.47734375 0.7861111111111111 0.0484375 0.05416666666666667
0 0.29453125 0.37916666666666665 0.02265625 0.03333333333333333
0 0.325 0.5319444444444444 0.059375 0.05138888888888889
0 0.92734375 0.6493055555555556 0.11328125 0.06666666666666667
0 0.746875 0.5555555555555556 0.0375 0.05694444444444444
0 0.04453125 0.6854166666666667 0.08203125 0.059722222222222225
0 0.891015625 0.4201388888888889 0.02265625 0.0375
0 0.141796875 0.9180555555555555 0.19609375 0.1625
0 0.40078125 0.6701388888888888 0.06640625 0.10555555555555556
0 0.46171875 0.8743055555555556 0.05234375 0.0625
0 0.382421875 0.5916666666666667 0.03359375 0.0375
0 0.51484375 0.6805555555555556 0.0609375 0.07222222222222222
0 0.36796875 0.71875 0.0640625 0.0625
0 0.8578125 0.3736111111111111 0.01796875 0.02361111111111111
0 0.184765625 0.6770833333333334 0.03671875 0.030555555555555555
