0 0.63671875 0.21944444444444444 0.02265625 0.044444444444444446
0 0.4546875 0.11458333333333333 0.02421875 0.058333333333333334
0 0.466796875 0.3590277777777778 0.04375 0.0375
0 0.6046875 0.2965277777777778 0.01328125 0.027777777777777776
0 0.630078125 0.15138888888888888 0.0234375 0.05555555555555555
0 0.08515625 0.8284722222222223 0.015625 0.020833333333333332
0 0.198046875 0.6722222222222223 0.02109375 0.022222222222222223
0 0.29296875 0.6652777777777777 0.040625 0.03333333333333333
0 0.662109375 0.5916666666666667 0.11796875 0.10555555555555556
0 0.75703125 0.1451388888888889 0.0625 0.03611111111111111
0 0.452734375 0.6055555555555555 0.05234375 0.10833333333333334
0 0.508984375 0.5104166666666666 0.0234375 0.03333333333333333
0 0.6203125 0.3958333333333333 0.0546875 0.05555555555555555
0 0.371484375 0.6638888888888889 0.0359375 0.03611111111111111
0 0.781640625 0.5430555555555555 0.096875 0.03611111111111111
0 0.7609375 0.11736111111111111 0.06796875 0.05694444444444444
0 0.290234375 0.7104166666666667 0.02734375 0.027777777777777776
1 0.5 0.89375 0.9984375 0.20972222222222223
0 0.541015625 0.6083333333333333 0.03203125 0.02361111111111111
0 0.019140625 0.13472222222222222 0.03046875 0.03888888888888889
0 0.216015625 0.6555555555555556 0.04609375 0.030555555555555555
0 0.10390625 0.45069444444444445 0.103125 0.0875
0 0.252734375 0.6277777777777778 0.0359375 0.03611111111111111
