0 0.49375 0.3125 0.06953125 0.07222222222222222
0 0.7140625 0.42430555555555555 0.16171875 0.09027777777777778
0 0.383203125 0.8097222222222222 0.13515625 0.041666666666666664
0 0.2125 0.22083333333333333 0.040625 0.04583333333333333
0 0.204296875 0.15833333333333333 0.08125 0.05555555555555555
0 0.269921875 0.5138888888888888 0.1640625 0.09583333333333334
0 0.749609375 0.5729166666666666 0.08359375 0.04583333333333333
0 0.61640625 0.5819444444444445 0.1578125 0.03888888888888889
0 0.30234375 0.23194444444444445 0.1015625 0.14722222222222223
0 0.569921875 0.44027777777777777 0.084375 0.08472222222222223
0 0.278125 0.22291666666666668 0.0625 0.08055555555555556
0 0.418359375 0.2722222222222222 0.06484375 0.09305555555555556
0 0.287109375 0.09583333333333334 0.10546875 0.12083333333333333
1 0.5 0.8979166666666667 1 0.2013888888888889
0 0.767578125 0.4173611111111111 0.0625 0.03611111111111111
0 0.365234375 0.2520833333333333 0.03984375 0.0375
0 0.44921875 0.32083333333333336 0.05 0.08333333333333333
