0 0.74140625 0.3277777777777778 0.0484375 0.018055555555555554
0 0.090234375 0.4826388888888889 0.0359375 0.009722222222222222
0 0.50390625 0.39305555555555555 0.04765625 0.030555555555555555
0 0.1125 0.42986111111111114 0.03515625 0.013888888888888888
0 0.6703125 0.6152777777777778 0.12109375 0.10972222222222222
0 0.412890625 0.3993055555555556 0.05078125 0.029166666666666667
0 0.384765625 0.5104166666666666 0.03359375 0.03194444444444444
0 0.97421875 0.45625 0.01796875 0.018055555555555554
0 0.86328125 0.5548611111111111 0.021875 0.022222222222222223
0 0.66171875 0.39166666666666666 0.03984375 0.03611111111111111
0 0.387890625 0.95 0.08984375 0.0625
0 0.463671875 0.4777777777777778 0.03125 0.041666666666666664
1 0.5 0.20972222222222223 0.9984375 0.41944444444444445
0 0.98203125 0.4041666666666667 0.01796875 0.027777777777777776
0 0.801953125 0.4201388888888889 0.015625 0.020833333333333332
0 0.275 0.45625 0.0265625 0.029166666666666667
0 0.119921875 0.48194444444444445 0.03125 0.020833333333333332
0 0.26015625 0.41805555555555557 0.04140625 0.022222222222222223
0 0.940234375 0.31666666666666665 0.02890625 0.015277777777777777
0 0.85390625 0.3597222222222222 0.021875 0.027777777777777776
0 0.537109375 0.7902777777777777 0.03359375 0.04583333333333333
