0 0.97734375 0.5986111111111111 0.04375 0.044444444444444446
0 0.809765625 0.4444444444444444 0.02578125 0.02361111111111111
0 0.34765625 0.45902777777777776 0.09609375 0.05138888888888889
0 0.646875 0.60625 0.09765625 0.07083333333333333
2 0.77421875 0.29444444444444445 0.0796875 0.1125
2 0.3984375 0.2902777777777778 0.0765625 0.09444444444444444
2 0.555859375 0.2798611111111111 0.0640625 0.04861111111111111
2 0.131640625 0.3263888888888889 0.2359375 0.09305555555555556
2 0.066796875 0.2826388888888889 0.09921875 0.059722222222222225
0 0.72421875 0.47430555555555554 0.03359375 0.02638888888888889
0 0.12578125 0.6472222222222223 0.0234375 0.05138888888888889
0 0.294921875 0.8520833333333333 0.07421875 0.08055555555555556
0 0.223046875 0.5340277777777778 0.02578125 0.030555555555555555
0 0.606640625 0.49583333333333335 0.04140625 0.043055555555555555
0 0.73203125 0.7340277777777777 0.0625 0.08194444444444444
1 0.5 0.12777777777777777 0.9984375 0.25555555555555554
0 0.76484375 0.4979166666666667 0.0484375 0.03888888888888889
0 0.56875 0.5138888888888888 0.0328125 0.022222222222222223
0 0.56328125 0.44513888888888886 0.0421875 0.03194444444444444
0 0.464453125 0.4652777777777778 0.13984375 0.125
