0 0.865625 0.4909722222222222 0.06015625 0.03611111111111111
0 0.2953125 0.6854166666666667 0.04609375 0.034722222222222224
0 0.394140625 0.6430555555555556 0.17265625 0.08194444444444444
0 0.134375 0.56875 0.0171875 0.020833333333333332
0 0.7953125 0.3388888888888889 0.03828125 0.04861111111111111
0 0.0890625 0.7013888888888888 0.07109375 0.030555555555555555
0 0.809375 0.18055555555555555 0.01953125 0.0375
0 0.7421875 0.5902777777777778 0.175 0.10138888888888889
0 0.5296875 0.8736111111111111 0.0140625 0.015277777777777777
0 0.65546875 0.8513888888888889 0.17734375 0.034722222222222224
0 0.687890625 0.35208333333333336 0.1453125 0.1388888888888889
0 0.30390625 0.8118055555555556 0.00859375 0.018055555555555554
0 0.252734375 0.6493055555555556 0.09296875 0.06111111111111111
0 0.42578125 0.78125 0.03203125 0.022222222222222223
0 0.15546875 0.7493055555555556 0.015625 0.020833333333333332
0 0.903515625 0.12291666666666666 0.121875 0.06805555555555555
0 0.944921875 0.73125 0.0453125 0.030555555555555555
0 0.18515625 0.83125 0.009375 0.0125
0 0.5046875 0.42430555555555555 0.07734375 0.06111111111111111
0 0.8046875 0.28958333333333336 0.0796875 0.059722222222222225
0 0.483984375 0.7958333333333333 0.05234375 0.05694444444444444
0 0.421875 0.5354166666666667 0.10859375 0.08333333333333333
0 0.26796875 0.5138888888888888 0.1484375 0.04583333333333333
0 0.578515625 0.3888888888888889 0.06953125 0.09583333333333334
0 0.2078125 0.5458333333333333 0.05390625 0.04027777777777778
0 0.50234375 0.5118055555555555 0.05078125 0.06388888888888888
0 0.8328125 0.7868055555555555 0.0625 0.02638888888888889
0 0.686328125 0.34097222222222223 0.14453125 0.0763888888888889
1 0.501171875 0.9333333333333333 0.99609375 0.13055555555555556
0 0.376171875 0.83125 0.009375 0.016666666666666666
0 0.350390625 0.8736111111111111 0.01484375 0.016666666666666666
0 0.94921875 0.8229166666666666 0.0421875 0.04027777777777778
0 0.26796875 0.8701388888888889 0.01328125 0.0125
0 0.697265625 0.7472222222222222 0.00859375 0.008333333333333333
0 0.658984375 0.7847222222222222 0.009375 0.013888888888888888
0 0.83203125 0.6826388888888889 0.00859375 0.016666666666666666
0 0.801171875 0.8486111111111111 0.0140625 0.013888888888888888
0 0.32734375 0.8652777777777778 0.009375 0.013888888888888888
0 0.123046875 0.6222222222222222 0.02109375 0.015277777777777777
0 0.552734375 0.42916666666666664 0.04453125 0.075
0 0.715234375 0.2298611111111111 0.1234375 0.11944444444444445
