0 0.3421875 0.20555555555555555 0.0640625 0.058333333333333334
0 0.79140625 0.33125 0.14296875 0.04583333333333333
0 0.456640625 0.2826388888888889 0.034375 0.029166666666666667
0 0.506640625 0.3055555555555556 0.04765625 0.027777777777777776
0 0.409375 0.2708333333333333 0.0328125 0.043055555555555555
2 0.41171875 0.024305555555555556 0.03125 0.04583333333333333
2 0.185546875 0.42986111111111114 0.0296875 0.020833333333333332
2 0.884765625 0.28402777777777777 0.11484375 0.11527777777777778
0 0.613671875 0.4777777777777778 0.040625 0.03333333333333333
0 0.23515625 0.3590277777777778 0.05390625 0.05
0 0.303515625 0.40069444444444446 0.03515625 0.043055555555555555
1 0.5 0.6777777777777778 1 0.6416666666666667
0 0.199609375 0.4527777777777778 0.01640625 0.016666666666666666
