0 0.38359375 0.7409722222222223 0.025 0.0125
0 0.2359375 0.7625 0.01640625 0.018055555555555554
0 0.337890625 0.32430555555555557 0.078125 0.059722222222222225
0 0.584375 0.20902777777777778 0.02578125 0.08055555555555556
0 0.17734375 0.5458333333333333 0.04765625 0.019444444444444445
0 0.80390625 0.6534722222222222 0.0421875 0.030555555555555555
0 0.5875 0.7215277777777778 0.0796875 0.029166666666666667
0 0.680859375 0.18125 0.03046875 0.05
0 0.83125 0.28680555555555554 0.04921875 0.075
0 0.456640625 0.43680555555555556 0.11484375 0.08055555555555556
0 0.151953125 0.14722222222222223 0.10078125 0.06944444444444445
0 0.1984375 0.7138888888888889 0.021875 0.016666666666666666
0 0.953515625 0.38055555555555554 0.03125 0.05
0 0.30546875 0.58125 0.03125 0.029166666666666667
0 0.566015625 0.6826388888888889 0.05625 0.019444444444444445
0 0.11875 0.3590277777777778 0.03984375 0.03611111111111111
0 0.5671875 0.19722222222222222 0.01875 0.019444444444444445
0 0.286328125 0.09236111111111112 0.015625 0.041666666666666664
0 0.824609375 0.20555555555555555 0.0828125 0.04027777777777778
0 0.231640625 0.38680555555555557 0.040625 0.044444444444444446
0 0.1421875 0.48680555555555555 0.034375 0.02361111111111111
0 0.65 0.7527777777777778 0.01875 0.02638888888888889
0 0.68203125 0.14027777777777778 0.07421875 0.058333333333333334
0 0.555859375 0.6145833333333334 0.06171875 0.029166666666666667
1 0.5 0.8333333333333334 1 0.33055555555555555
0 0.24453125 0.2534722222222222 0.02109375 0.016666666666666666
0 0.340234375 0.5354166666666667 0.0171875 0.020833333333333332
0 0.579296875 0.5597222222222222 0.0125 0.025
0 0.070703125 0.7861111111111111 0.03515625 0.025
0 0.062109375 0.5736111111111111 0.02734375 0.022222222222222223
0 0.015625 0.5027777777777778 0.02421875 0.034722222222222224
0 0.6546875 0.3368055555555556 0.028125 0.043055555555555555
0 0.12421875 0.7159722222222222 0.028125 0.022222222222222223
0 0.5140625 0.37777777777777777 0.03125 0.029166666666666667
0 0.51328125 0.12708333333333333 0.03828125 0.029166666666666667
0 0.46875 0.61875 0.0390625 0.043055555555555555
