0 0.114453125 0.7472222222222222 0.021875 0.02361111111111111
0 0.25234375 0.02361111111111111 0.03671875 0.04722222222222222
0 0.453125 0.20625 0.02421875 0.04027777777777778
0 0.105078125 0.7173611111111111 0.0109375 0.013888888888888888
0 0.4703125 0.66875 0.1171875 0.018055555555555554
0 0.2515625 0.7145833333333333 0.1 0.05277777777777778
0 0.198046875 0.5680555555555555 0.13125 0.08333333333333333
2 0.565234375 0.7395833333333334 0.1359375 0.11527777777777778
2 0.586328125 0.6236111111111111 0.26171875 0.09722222222222222
2 0.8875 0.6388888888888888 0.10078125 0.15555555555555556
0 0.671875 0.30277777777777776 0.03515625 0.03194444444444444
0 0.934375 0.19166666666666668 0.10546875 0.10694444444444444
0 0.912890625 0.06458333333333334 0.05078125 0.09166666666666666
0 0.629296875 0.30833333333333335 0.046875 0.05555555555555555
1 0.5 0.8729166666666667 0.9984375 0.2513888888888889
0 0.85390625 0.04861111111111111 0.04140625 0.06388888888888888
0 0.77578125 0.22152777777777777 0.1953125 0.23333333333333334
0 0.031640625 0.7395833333333334 0.0375 0.041666666666666664
