0 0.06640625 0.45902777777777776 0.04765625 0.09305555555555556
0 0.340234375 0.4041666666666667 0.0359375 0.04861111111111111
0 0.837890625 0.5569444444444445 0.071875 0.06527777777777778
0 0.14609375 0.40625 0.11640625 0.08472222222222223
2 0.61953125 0.34791666666666665 0.3015625 0.2513888888888889
0 0.139453125 0.9534722222222223 0.1328125 0.09166666666666666
0 0.091796875 0.7361111111111112 0.07265625 0.06666666666666667
0 0.913671875 0.7486111111111111 0.04765625 0.08055555555555556
0 0.698828125 0.6097222222222223 0.06796875 0.075
0 0.98515625 0.5951388888888889 0.028125 0.05694444444444444
0 0.767578125 0.3416666666666667 0.0390625 0.034722222222222224
0 0.941015625 0.7715277777777778 0.0578125 0.11805555555555555
0 0.865625 0.74375 0.034375 0.041666666666666664
0 0.92421875 0.5277777777777778 0.0515625 0.05694444444444444
0 0.123046875 0.5784722222222223 0.025 0.030555555555555555
0 0.904296875 0.3159722222222222 0.01484375 0.022222222222222223
0 0.812109375 0.8215277777777777 0.146875 0.08472222222222223
0 0.785546875 0.7569444444444444 0.05078125 0.04583333333333333
1 0.499609375 0.20902777777777778 0.99921875 0.41805555555555557
0 0.23203125 0.6097222222222223 0.046875 0.041666666666666664
0 0.403125 0.9527777777777777 0.04296875 0.08194444444444444
0 0.461328125 0.5076388888888889 0.08046875 0.09027777777777778
0 0.387109375 0.7479166666666667 0.0421875 0.03333333333333333
0 0.3171875 0.93125 0.04921875 0.08194444444444444
0 0.288671875 0.5604166666666667 0.0484375 0.020833333333333332
0 0.530078125 0.8548611111111111 0.04375 0.034722222222222224
0 0.05390625 0.9027777777777778 0.0546875 0.07916666666666666
0 0.55625 0.7270833333333333 0.04453125 0.043055555555555555
0 0.746484375 0.95 0.11640625 0.08611111111111111
0 0.227734375 0.5444444444444444 0.0421875 0.06666666666666667
0 0.016796875 0.5458333333333333 0.02109375 0.027777777777777776
0 0.4640625 0.8819444444444444 0.0328125 0.04722222222222222
0 0.594140625 0.5680555555555555 0.08828125 0.10694444444444444
0 0.283203125 0.3770833333333333 0.03125 0.018055555555555554
0 0.140625 0.7548611111111111 0.040625 0.05138888888888889
0 0.935546875 0.9027777777777778 0.12734375 0.19166666666666668
0 0.665625 0.8875 0.08984375 0.12638888888888888
0 0.85 0.9555555555555556 0.04453125 0.05555555555555555
0 0.219140625 0.46041666666666664 0.17421875 0.0763888888888889
