0 0.758984375 0.41875 0.14296875 0.07222222222222222
0 0.333203125 0.03333333333333333 0.06640625 0.05555555555555555
2 0.05390625 0.6590277777777778 0.10625 0.12916666666666668
2 0.487109375 0.6291666666666667 0.11015625 0.15833333333333333
2 0.712109375 0.63125 0.090625 0.07222222222222222
2 0.139453125 0.5423611111111111 0.27265625 0.18055555555555555
0 0.441796875 0.08819444444444445 0.18359375 0.125
1 0.5 0.8486111111111111 0.9984375 0.3
0 0.57421875 0.2881944444444444 0.0203125 0.044444444444444446
0 0.93125 0.12916666666666668 0.11796875 0.08333333333333333
0 0.741796875 0.11180555555555556 0.35625 0.2152777777777778
