0 0.871484375 0.6208333333333333 0.11875 0.07083333333333333
0 0.82109375 0.5319444444444444 0.03828125 0.05138888888888889
0 0.179296875 0.3638888888888889 0.01484375 0.018055555555555554
0 0.758203125 0.60625 0.04765625 0.030555555555555555
0 0.25625 0.37777777777777777 0.01328125 0.019444444444444445
0 0.2828125 0.7611111111111111 0.08046875 0.0763888888888889
0 0.1125 0.4361111111111111 0.05078125 0.027777777777777776
0 0.3796875 0.5569444444444445 0.0265625 0.013888888888888888
0 0.980078125 0.6111111111111112 0.03828125 0.041666666666666664
0 0.621875 0.79375 0.0625 0.2847222222222222
0 0.34609375 0.4354166666666667 0.06484375 0.027777777777777776
0 0.946484375 0.7402777777777778 0.059375 0.06111111111111111
0 0.9671875 0.6569444444444444 0.06171875 0.043055555555555555
0 0.787109375 0.6354166666666666 0.03984375 0.030555555555555555
0 0.73125 0.6486111111111111 0.04921875 0.03611111111111111
0 0.72890625 0.3375 0.028125 0.020833333333333332
0 0.192578125 0.9159722222222222 0.04765625 0.05416666666666667
0 0.271484375 0.91875 0.11796875 0.09027777777777778
0 0.058984375 0.9673611111111111 0.11796875 0.0625
1 0.499609375 0.16319444444444445 0.99921875 0.3263888888888889
0 0.85234375 0.36736111111111114 0.021875 0.016666666666666666
0 0.4828125 0.40694444444444444 0.0109375 0.008333333333333333
0 0.906640625 0.43819444444444444 0.02421875 0.02361111111111111
0 0.586328125 0.2833333333333333 0.01953125 0.011111111111111112
0 0.474609375 0.76875 0.0515625 0.02361111111111111
0 0.804296875 0.32916666666666666 0.00859375 0.009722222222222222
0 0.709375 0.8319444444444445 0.03125 0.030555555555555555
0 0.5609375 0.45 0.01171875 0.016666666666666666
