0 0.112109375 0.5506944444444445 0.075 0.043055555555555555
2 0.959765625 0.6833333333333333 0.0640625 0.12083333333333333
2 0.5875 0.7055555555555556 0.05859375 0.08194444444444444
2 0.304296875 0.8951388888888889 0.1640625 0.1986111111111111
2 0.75859375 0.5673611111111111 0.115625 0.15138888888888888
2 0.9234375 0.44305555555555554 0.15 0.13194444444444445
0 0.401171875 0.45555555555555555 0.1109375 0.07916666666666666
0 0.330078125 0.6152777777777778 0.04296875 0.03888888888888889
0 0.4328125 0.5729166666666666 0.04453125 0.06388888888888888
0 0.508984375 0.44375 0.06796875 0.08194444444444444
0 0.49453125 0.7805555555555556 0.025 0.022222222222222223
1 0.499609375 0.13541666666666666 0.99921875 0.2708333333333333
0 0.20703125 0.5472222222222223 0.02578125 0.030555555555555555
0 0.5140625 0.3527777777777778 0.03046875 0.03194444444444444
0 0.45625 0.5777777777777777 0.06015625 0.09166666666666666
