0 0.96328125 0.17083333333333334 0.0703125 0.16111111111111112
0 0.7796875 0.7388888888888889 0.4375 0.27361111111111114
2 0.940234375 0.2916666666666667 0.11015625 0.1875
2 0.371875 0.5798611111111112 0.29296875 0.31527777777777777
2 0.859765625 0.3263888888888889 0.125 0.16111111111111112
1 0.5 0.7013888888888888 0.9984375 0.5944444444444444
0 0.476953125 0.44513888888888886 0.16171875 0.10555555555555556
0 0.640234375 0.3541666666666667 0.0609375 0.04027777777777778
0 0.929296875 0.42083333333333334 0.10078125 0.09166666666666666
0 0.4640625 0.7 0.0734375 0.058333333333333334
0 0.669140625 0.4847222222222222 0.04140625 0.07222222222222222
0 0.623046875 0.6125 0.0921875 0.06944444444444445
