0 0.274609375 0.8347222222222223 0.09609375 0.08472222222222223
0 0.40859375 0.8368055555555556 0.040625 0.05
0 0.10625 0.525 0.07578125 0.04583333333333333
0 0.32265625 0.3854166666666667 0.17578125 0.15416666666666667
0 0.573046875 0.3659722222222222 0.06875 0.05277777777777778
2 0.4484375 0.5395833333333333 0.06015625 0.0763888888888889
2 0.74765625 0.5548611111111111 0.0796875 0.05416666666666667
2 0.746875 0.19236111111111112 0.08359375 0.06527777777777778
1 0.499609375 0.13958333333333334 0.99921875 0.2791666666666667
0 0.2 0.5145833333333333 0.02578125 0.0375
0 0.978125 0.8361111111111111 0.0421875 0.075
0 0.894140625 0.9368055555555556 0.04765625 0.06944444444444445
0 0.12109375 0.6173611111111111 0.03671875 0.07916666666666666
0 0.339453125 0.8833333333333333 0.07109375 0.06666666666666667
0 0.9 0.5770833333333333 0.0546875 0.04861111111111111
0 0.89453125 0.30625 0.209375 0.20416666666666666
0 0.8859375 0.3145833333333333 0.03125 0.05277777777777778
0 0.578515625 0.6590277777777778 0.05703125 0.07083333333333333
0 0.961328125 0.9208333333333333 0.07578125 0.06944444444444445
0 0.55234375 0.5305555555555556 0.03359375 0.025
0 0.52734375 0.5763888888888888 0.078125 0.03888888888888889
0 0.831640625 0.7708333333333334 0.04375 0.04027777777777778
0 0.947265625 0.6597222222222222 0.04375 0.06666666666666667
0 0.346875 0.6284722222222222 0.09921875 0.08888888888888889
0 0.6171875 0.5423611111111111 0.0578125 0.022222222222222223
0 0.705859375 0.9222222222222223 0.0625 0.04722222222222222
0 0.45859375 0.6402777777777777 0.06796875 0.06805555555555555
0 0.616796875 0.9 0.06875 0.05277777777777778
0 0.638671875 0.9722222222222222 0.03203125 0.05277777777777778
0 0.432421875 0.4305555555555556 0.19296875 0.08888888888888889
