0 0.538671875 0.7729166666666667 0.13125 0.2375
2 0.369921875 0.9625 0.04375 0.05416666666666667
2 0.927734375 0.8180555555555555 0.01875 0.043055555555555555
0 0.316015625 0.9048611111111111 0.03515625 0.04027777777777778
0 0.857421875 0.8354166666666667 0.053125 0.03194444444444444
0 0.576953125 0.9083333333333333 0.0796875 0.09444444444444444
0 0.498046875 0.9611111111111111 0.0390625 0.05555555555555555
0 0.706640625 0.6125 0.03828125 0.0875
0 0.52578125 0.9375 0.0453125 0.06666666666666667
0 0.4515625 0.88125 0.0546875 0.04861111111111111
0 0.809375 0.7298611111111111 0.03359375 0.03611111111111111
0 0.465234375 0.8208333333333333 0.02421875 0.03194444444444444
0 0.845703125 0.8861111111111111 0.0203125 0.03194444444444444
