0 0.8453125 0.5875 0.16953125 0.1
2 0.4046875 0.40208333333333335 0.13984375 0.09583333333333334
2 0.37890625 0.5361111111111111 0.29765625 0.12222222222222222
2 0.031640625 0.5111111111111111 0.06171875 0.1527777777777778
0 0.1109375 0.8993055555555556 0.015625 0.03888888888888889
0 0.94375 0.38472222222222224 0.1109375 0.03611111111111111
0 0.23671875 0.9722222222222222 0.2171875 0.05277777777777778
1 0.499609375 0.17847222222222223 0.99921875 0.35694444444444445
0 0.823828125 0.4076388888888889 0.02421875 0.016666666666666666
0 0.251171875 0.39375 0.02890625 0.013888888888888888
0 0.71953125 0.42916666666666664 0.0375 0.008333333333333333
