0 0.838671875 0.4888888888888889 0.17734375 0.09027777777777778
0 0.229296875 0.2923611111111111 0.07265625 0.17777777777777778
0 0.343359375 0.3611111111111111 0.025 0.04722222222222222
0 0.6953125 0.26180555555555557 0.071875 0.09305555555555556
2 0.85703125 0.10555555555555556 0.04140625 0.04583333333333333
2 0.643359375 0.31319444444444444 0.02421875 0.04861111111111111
2 0.68671875 0.11388888888888889 0.03203125 0.044444444444444446
0 0.92109375 0.2375 0.02421875 0.029166666666666667
0 0.936328125 0.30486111111111114 0.04296875 0.05555555555555555
0 0.361328125 0.64375 0.0515625 0.04027777777777778
1 0.5 0.7902777777777777 1 0.4166666666666667
0 0.478515625 0.5284722222222222 0.02109375 0.03194444444444444
0 0.537890625 0.3951388888888889 0.04765625 0.044444444444444446
0 0.716796875 0.5083333333333333 0.025 0.018055555555555554
0 0.698046875 0.03194444444444444 0.04609375 0.04583333333333333
0 0.573828125 0.06944444444444445 0.18046875 0.1361111111111111
0 0.40390625 0.0798611111111111 0.2359375 0.15694444444444444
