0 0.491015625 0.49722222222222223 0.03828125 0.04722222222222222
0 0.56640625 0.21875 0.03515625 0.03333333333333333
0 0.2734375 0.2965277777777778 0.09765625 0.08472222222222223
0 0.327734375 0.4673611111111111 0.0421875 0.04583333333333333
0 0.319921875 0.6388888888888888 0.0203125 0.03611111111111111
0 0.637109375 0.20972222222222223 0.0453125 0.027777777777777776
0 0.484375 0.2743055555555556 0.046875 0.09166666666666666
0 0.51171875 0.7222222222222222 0.02421875 0.043055555555555555
0 0.33046875 0.6965277777777777 0.0234375 0.0375
0 0.70859375 0.8118055555555556 0.01953125 0.041666666666666664
0 0.683203125 0.24722222222222223 0.03671875 0.029166666666666667
0 0.1453125 0.34375 0.11484375 0.02361111111111111
0 0.8390625 0.39791666666666664 0.08515625 0.07361111111111111
0 0.4375 0.3645833333333333 0.0203125 0.03194444444444444
0 0.201171875 0.7152777777777778 0.06953125 0.030555555555555555
1 0.319140625 0.06666666666666667 0.63828125 0.13333333333333333
0 0.95 0.6840277777777778 0.0703125 0.041666666666666664
0 0.72109375 0.21736111111111112 0.04375 0.02638888888888889
