0 0.58359375 0.6972222222222222 0.0484375 0.034722222222222224
0 0.46015625 0.31527777777777777 0.03359375 0.030555555555555555
0 0.940625 0.03819444444444445 0.07890625 0.07222222222222222
0 0.334375 0.6 0.025 0.030555555555555555
0 0.1703125 0.24791666666666667 0.0484375 0.030555555555555555
2 0.7703125 0.6090277777777777 0.18984375 0.16527777777777777
2 0.080859375 0.33125 0.02890625 0.043055555555555555
1 0.5 0.8583333333333333 1 0.28055555555555556
0 0.41015625 0.6444444444444445 0.03828125 0.027777777777777776
0 0.965234375 0.05694444444444444 0.02890625 0.05555555555555555
0 0.358984375 0.12777777777777777 0.0859375 0.09305555555555556
0 0.8546875 0.12083333333333333 0.1421875 0.11527777777777778
