0 0.35 0.43472222222222223 0.14765625 0.11805555555555555
0 0.273046875 0.6951388888888889 0.0296875 0.043055555555555555
2 0.06171875 0.7465277777777778 0.04296875 0.0625
2 0.13125 0.7305555555555555 0.0484375 0.06111111111111111
2 0.397265625 0.30416666666666664 0.04453125 0.03888888888888889
2 0.68203125 0.9097222222222222 0.04140625 0.06527777777777778
2 0.281640625 0.3298611111111111 0.56328125 0.44166666666666665
2 0.77734375 0.8118055555555556 0.046875 0.05555555555555555
0 0.915625 0.8375 0.04375 0.06527777777777778
1 0.499609375 0.22708333333333333 0.99921875 0.45416666666666666
0 0.79140625 0.5597222222222222 0.03046875 0.034722222222222224
0 0.2234375 0.9152777777777777 0.05 0.05277777777777778
0 0.8765625 0.5027777777777778 0.02265625 0.030555555555555555
0 0.24765625 0.5763888888888888 0.0515625 0.10833333333333334
0 0.524609375 0.3611111111111111 0.0390625 0.029166666666666667
0 0.65859375 0.625 0.0375 0.05138888888888889
0 0.821484375 0.6236111111111111 0.0328125 0.034722222222222224
0 0.208984375 0.8194444444444444 0.04453125 0.04583333333333333
0 0.03203125 0.8840277777777777 0.05234375 0.07361111111111111
0 0.536328125 0.7604166666666666 0.0515625 0.03611111111111111
0 0.1671875 0.9347222222222222 0.040625 0.06388888888888888
0 0.7921875 0.70625 0.046875 0.0375
0 0.602734375 0.8819444444444444 0.03125 0.03611111111111111
0 0.22578125 0.7131944444444445 0.0734375 0.07777777777777778
0 0.309375 0.5916666666666667 0.09296875 0.08194444444444444
0 0.331640625 0.6743055555555556 0.15859375 0.09166666666666666
0 0.846484375 0.86875 0.071875 0.06944444444444445
0 0.217578125 0.5659722222222222 0.0359375 0.10694444444444444
