0 0.5109375 0.14722222222222223 0.025 0.05
0 0.966796875 0.24930555555555556 0.0453125 0.04583333333333333
0 0.472265625 0.6993055555555555 0.07578125 0.022222222222222223
0 0.35859375 0.5527777777777778 0.07890625 0.059722222222222225
0 0.7421875 0.04375 0.0625 0.04722222222222222
0 0.96484375 0.4888888888888889 0.04296875 0.05694444444444444
0 0.484765625 0.21319444444444444 0.09609375 0.03888888888888889
0 0.518359375 0.42777777777777776 0.04453125 0.03611111111111111
0 0.28515625 0.8125 0.053125 0.027777777777777776
0 0.800390625 0.08194444444444444 0.14140625 0.1125
0 0.19609375 0.8090277777777778 0.0296875 0.02638888888888889
0 0.105859375 0.15416666666666667 0.0234375 0.043055555555555555
0 0.410546875 0.43680555555555556 0.07578125 0.075
0 0.47578125 0.09305555555555556 0.0640625 0.07083333333333333
0 0.023828125 0.1909722222222222 0.0453125 0.05416666666666667
0 0.7453125 0.5673611111111111 0.0546875 0.06111111111111111
0 0.284765625 0.8631944444444445 0.0203125 0.027777777777777776
1 0.5 0.85625 1 0.2847222222222222
0 0.221484375 0.225 0.0484375 0.05416666666666667
