0 0.4015625 0.7027777777777777 0.0828125 0.06944444444444445
0 0.653515625 0.10555555555555556 0.07109375 0.0763888888888889
0 0.88515625 0.425 0.0375 0.07222222222222222
2 0.288671875 0.8284722222222223 0.215625 0.18888888888888888
2 0.091796875 0.6951388888888889 0.18203125 0.30972222222222223
0 0.3984375 0.3590277777777778 0.05703125 0.09027777777777778
0 0.7234375 0.1673611111111111 0.109375 0.09166666666666666
0 0.111328125 0.5986111111111111 0.03671875 0.044444444444444446
0 0.42734375 0.5222222222222223 0.0375 0.02361111111111111
0 0.84375 0.058333333333333334 0.175 0.11666666666666667
0 0.566015625 0.5090277777777777 0.03046875 0.0763888888888889
0 0.890234375 0.55 0.07890625 0.06666666666666667
0 0.89296875 0.89375 0.028125 0.03333333333333333
0 0.4546875 0.4666666666666667 0.06953125 0.030555555555555555
0 0.669140625 0.47152777777777777 0.03828125 0.0375
0 0.5546875 0.6381944444444444 0.20625 0.11527777777777778
1 0.96953125 0.9875 0.059375 0.022222222222222223
1 0.311328125 0.925 0.62109375 0.14722222222222223
0 0.342578125 0.07430555555555556 0.06796875 0.06111111111111111
0 0.540234375 0.5083333333333333 0.05703125 0.08055555555555556
0 0.153515625 0.3159722222222222 0.04609375 0.03333333333333333
0 0.793359375 0.5548611111111111 0.0328125 0.044444444444444446
0 0.3578125 0.5125 0.05703125 0.06111111111111111
0 0.1203125 0.22083333333333333 0.04375 0.04861111111111111
0 0.85703125 0.6090277777777777 0.034375 0.0375
0 0.210546875 0.5048611111111111 0.1015625 0.10833333333333334
0 0.96953125 0.5326388888888889 0.02421875 0.02638888888888889
0 0.1109375 0.43680555555555556 0.028125 0.029166666666666667
0 0.253515625 0.04375 0.05625 0.05138888888888889
0 0.05546875 0.22083333333333333 0.0578125 0.06666666666666667
0 0.059375 0.4465277777777778 0.0625 0.044444444444444446
0 0.515625 0.3888888888888889 0.04765625 0.075
0 0.01328125 0.34930555555555554 0.025 0.0763888888888889
0 0.497265625 0.28541666666666665 0.03671875 0.02638888888888889
0 0.545703125 0.41041666666666665 0.02578125 0.034722222222222224
0 0.953515625 0.7381944444444445 0.01953125 0.015277777777777777
0 0.478515625 0.7555555555555555 0.03046875 0.030555555555555555
