0 0.604296875 0.6597222222222222 0.11484375 0.08055555555555556
0 0.650390625 0.34375 0.05390625 0.027777777777777776
0 0.409375 0.41875 0.01875 0.016666666666666666
0 0.89140625 0.4708333333333333 0.015625 0.016666666666666666
0 0.430078125 0.42916666666666664 0.01796875 0.016666666666666666
0 0.32421875 0.4340277777777778 0.0453125 0.02361111111111111
0 0.7953125 0.5881944444444445 0.015625 0.018055555555555554
0 0.581640625 0.41458333333333336 0.04765625 0.043055555555555555
0 0.57578125 0.4236111111111111 0.02265625 0.011111111111111112
0 0.480859375 0.8548611111111111 0.034375 0.04027777777777778
0 0.84609375 0.32708333333333334 0.0203125 0.019444444444444445
0 0.38515625 0.5173611111111112 0.0328125 0.02361111111111111
1 0.5 0.23055555555555557 0.9984375 0.46111111111111114
0 0.9796875 0.4736111111111111 0.0390625 0.022222222222222223
0 0.889453125 0.4173611111111111 0.01484375 0.027777777777777776
0 0.161328125 0.4548611111111111 0.0515625 0.020833333333333332
0 0.41875 0.5583333333333333 0.0171875 0.03194444444444444
0 0.20234375 0.47847222222222224 0.01640625 0.0125
0 0.182421875 0.49166666666666664 0.02734375 0.02361111111111111
0 0.305078125 0.5520833333333334 0.025 0.03333333333333333
