0 0.076171875 0.19236111111111112 0.146875 0.07916666666666666
0 0.235546875 0.3972222222222222 0.1015625 0.044444444444444446
0 0.683984375 0.8625 0.07890625 0.0625
0 0.221875 0.8201388888888889 0.08515625 0.04027777777777778
0 0.348046875 0.7340277777777777 0.08359375 0.06944444444444445
2 0.330078125 0.6611111111111111 0.03203125 0.05
2 0.23125 0.027777777777777776 0.0546875 0.05277777777777778
2 0.369921875 0.6694444444444444 0.028125 0.05
0 0.296484375 0.6131944444444445 0.0703125 0.05555555555555555
0 0.506640625 0.8972222222222223 0.05546875 0.04027777777777778
0 0.702734375 0.5381944444444444 0.05546875 0.05277777777777778
0 0.109765625 0.8013888888888889 0.02890625 0.05277777777777778
0 0.62890625 0.4826388888888889 0.02734375 0.034722222222222224
0 0.184375 0.5763888888888888 0.05625 0.06111111111111111
1 0.20078125 0.8861111111111111 0.4 0.225
0 0.5 0.5041666666666667 0.0546875 0.05
0 0.23984375 0.6 0.0390625 0.041666666666666664
0 0.235546875 0.275 0.04375 0.04861111111111111
