0 0.741796875 0.6180555555555556 0.09609375 0.03888888888888889
0 0.958203125 0.6493055555555556 0.03046875 0.043055555555555555
0 0.528515625 0.5833333333333334 0.11171875 0.015277777777777777
0 0.991796875 0.7284722222222222 0.009375 0.011111111111111112
0 0.78984375 0.49444444444444446 0.1234375 0.07083333333333333
0 0.736328125 0.034722222222222224 0.03515625 0.04861111111111111
0 0.54765625 0.18819444444444444 0.03125 0.03888888888888889
2 0.421484375 0.5381944444444444 0.24453125 0.09861111111111111
2 0.43671875 0.6354166666666666 0.1234375 0.07916666666666666
2 0.121875 0.5583333333333333 0.08984375 0.12777777777777777
0 0.313671875 0.14652777777777778 0.003125 0.002777777777777778
0 0.3171875 0.12708333333333333 0.0328125 0.044444444444444446
0 0.1140625 0.06111111111111111 0.05078125 0.06527777777777778
0 0.169140625 0.05416666666666667 0.03828125 0.04722222222222222
0 0.090234375 0.1798611111111111 0.09453125 0.08055555555555556
0 0.3671875 0.26180555555555557 0.04140625 0.05416666666666667
1 0.5 0.8298611111111112 1 0.3375
0 0.803515625 0.6256944444444444 0.01640625 0.0125
0 0.236328125 0.19930555555555557 0.18046875 0.17916666666666667
