0 0.130078125 0.22777777777777777 0.01796875 0.025
0 0.27109375 0.5402777777777777 0.14765625 0.1111111111111111
0 0.396484375 0.34930555555555554 0.18125 0.0625
0 0.816796875 0.8493055555555555 0.23984375 0.23472222222222222
0 0.967578125 0.8680555555555556 0.05 0.07777777777777778
0 0.2359375 0.37083333333333335 0.09921875 0.05694444444444444
0 0.812890625 0.4354166666666667 0.21796875 0.1111111111111111
0 0.68125 0.1125 0.21328125 0.04861111111111111
0 0.2859375 0.30625 0.05625 0.04861111111111111
0 0.08125 0.47638888888888886 0.03203125 0.0375
0 0.564453125 0.7201388888888889 0.071875 0.07361111111111111
2 0.5421875 0.5659722222222222 0.0671875 0.08472222222222223
0 0.451171875 0.5354166666666667 0.10078125 0.09583333333333334
0 0.89140625 0.17916666666666667 0.053125 0.04027777777777778
0 0.665625 0.7944444444444444 0.08984375 0.09722222222222222
1 0.632421875 0.059722222222222225 0.73359375 0.11944444444444445
0 0.192578125 0.5583333333333333 0.08046875 0.04027777777777778
