0 0.43125 0.46875 0.0171875 0.020833333333333332
0 0.551171875 0.8631944444444445 0.0953125 0.08194444444444444
0 0.42109375 0.6506944444444445 0.02578125 0.027777777777777776
0 0.08515625 0.4840277777777778 0.15703125 0.09722222222222222
0 0.487109375 0.6958333333333333 0.0234375 0.02638888888888889
0 0.84296875 0.27152777777777776 0.040625 0.02361111111111111
0 0.841796875 0.36875 0.0296875 0.029166666666666667
0 0.557421875 0.6673611111111111 0.0171875 0.03333333333333333
0 0.60546875 0.5201388888888889 0.01484375 0.022222222222222223
2 0.026171875 0.325 0.04609375 0.06111111111111111
2 0.5375 0.3034722222222222 0.08125 0.12083333333333333
2 0.3515625 0.2881944444444444 0.06796875 0.05
2 0.1984375 0.29375 0.08984375 0.09444444444444444
1 0.5 0.12361111111111112 0.9984375 0.24444444444444444
0 0.33671875 0.5284722222222222 0.02890625 0.03194444444444444
0 0.2140625 0.49027777777777776 0.08203125 0.058333333333333334
0 0.051953125 0.7930555555555555 0.04375 0.05138888888888889
0 0.42734375 0.6263888888888889 0.0171875 0.020833333333333332
0 0.025 0.5486111111111112 0.03203125 0.02361111111111111
0 0.141796875 0.5465277777777777 0.02734375 0.02638888888888889
0 0.893359375 0.3423611111111111 0.0484375 0.03888888888888889
0 0.08984375 0.5194444444444445 0.05 0.03194444444444444
0 0.18828125 0.5263888888888889 0.0296875 0.03611111111111111
