0 0.662890625 0.2916666666666667 0.01640625 0.019444444444444445
0 0.346875 0.5708333333333333 0.04609375 0.13333333333333333
0 0.947265625 0.6659722222222222 0.03515625 0.04861111111111111
0 0.08984375 0.5972222222222222 0.0359375 0.043055555555555555
0 0.870703125 0.5180555555555556 0.06796875 0.05
0 0.020703125 0.37222222222222223 0.0109375 0.018055555555555554
0 0.510546875 0.44930555555555557 0.07109375 0.08333333333333333
0 0.580078125 0.48333333333333334 0.05078125 0.020833333333333332
0 0.18984375 0.8715277777777778 0.05 0.09722222222222222
0 0.557421875 0.5215277777777778 0.0421875 0.0375
0 0.302734375 0.7 0.0234375 0.027777777777777776
0 0.421875 0.49444444444444446 0.03671875 0.03611111111111111
0 0.759375 0.7104166666666667 0.084375 0.09166666666666666
1 0.499609375 0.15763888888888888 0.99921875 0.31527777777777777
0 0.2421875 0.575 0.0328125 0.020833333333333332
