0 0.406640625 0.8486111111111111 0.0734375 0.09027777777777778
0 0.43828125 0.3902777777777778 0.02890625 0.03888888888888889
0 0.215234375 0.7868055555555555 0.0296875 0.034722222222222224
0 0.37265625 0.39791666666666664 0.0265625 0.030555555555555555
1 0.5 0.15416666666666667 0.9984375 0.3055555555555556
0 0.035546875 0.3611111111111111 0.01875 0.029166666666666667
0 0.456640625 0.6034722222222222 0.03671875 0.06388888888888888
0 0.970703125 0.6861111111111111 0.03984375 0.06944444444444445
0 0.864453125 0.5159722222222223 0.06328125 0.04583333333333333
0 0.79453125 0.4625 0.02734375 0.025
0 0.24765625 0.3388888888888889 0.0421875 0.025
0 0.199609375 0.9055555555555556 0.03515625 0.043055555555555555
0 0.808984375 0.5034722222222222 0.05390625 0.04583333333333333
0 0.1484375 0.9458333333333333 0.1828125 0.10555555555555556
