0 0.818359375 0.7479166666666667 0.0203125 0.022222222222222223
0 0.2390625 0.6847222222222222 0.0421875 0.029166666666666667
0 0.476953125 0.5215277777777778 0.0203125 0.03194444444444444
0 0.68359375 0.5430555555555555 0.05859375 0.029166666666666667
0 0.6328125 0.8131944444444444 0.1125 0.1
0 0.72265625 0.41944444444444445 0.05078125 0.027777777777777776
0 0.403125 0.5236111111111111 0.05078125 0.04027777777777778
0 0.269140625 0.6013888888888889 0.0234375 0.025
0 0.289453125 0.58125 0.02265625 0.02361111111111111
0 0.372265625 0.66875 0.02109375 0.034722222222222224
0 0.642578125 0.5131944444444444 0.04140625 0.030555555555555555
1 0.5 0.2611111111111111 0.9984375 0.5222222222222223
0 0.604296875 0.475 0.03828125 0.016666666666666666
0 0.9421875 0.5270833333333333 0.02109375 0.03611111111111111
0 0.255859375 0.5534722222222223 0.040625 0.022222222222222223
0 0.130859375 0.6368055555555555 0.04140625 0.018055555555555554
0 0.475 0.6902777777777778 0.03046875 0.027777777777777776
0 0.32421875 0.68125 0.02421875 0.015277777777777777
