0 0.24140625 0.5583333333333333 0.034375 0.04861111111111111
0 0.96796875 0.5291666666666667 0.03828125 0.020833333333333332
0 0.68046875 0.7097222222222223 0.02265625 0.02361111111111111
2 0.9890625 0.5416666666666666 0.01875 0.020833333333333332
1 0.5 0.21666666666666667 0.9984375 0.43333333333333335
0 0.0453125 0.9284722222222223 0.040625 0.04861111111111111
0 0.49765625 0.7729166666666667 0.07109375 0.04583333333333333
0 0.553125 0.6208333333333333 0.01953125 0.027777777777777776
0 0.2359375 0.9680555555555556 0.02421875 0.03888888888888889
0 0.454296875 0.48819444444444443 0.034375 0.019444444444444445
0 0.469140625 0.6666666666666666 0.0234375 0.030555555555555555
