0 0.155078125 0.5847222222222223 0.08984375 0.04583333333333333
0 0.397265625 0.4513888888888889 0.06015625 0.20694444444444443
0 0.742578125 0.4708333333333333 0.08046875 0.05138888888888889
0 0.2328125 0.5722222222222222 0.03828125 0.02361111111111111
0 0.29765625 0.8395833333333333 0.01484375 0.009722222222222222
0 0.470703125 0.21666666666666667 0.03984375 0.0625
0 0.355859375 0.7527777777777778 0.03203125 0.022222222222222223
0 0.955078125 0.30486111111111114 0.08828125 0.06805555555555555
0 0.069140625 0.5111111111111111 0.06015625 0.05
0 0.78046875 0.36041666666666666 0.17421875 0.05694444444444444
0 0.2859375 0.5645833333333333 0.05390625 0.05138888888888889
1 0.499609375 0.8673611111111111 0.99921875 0.2625
0 0.546875 0.46944444444444444 0.04921875 0.034722222222222224
0 0.308203125 0.4340277777777778 0.03671875 0.03611111111111111
0 0.046875 0.5583333333333333 0.071875 0.0375
