0 0.2859375 0.30694444444444446 0.053125 0.0763888888888889
0 0.24296875 0.35208333333333336 0.0703125 0.12222222222222222
0 0.358984375 0.26458333333333334 0.1015625 0.04583333333333333
0 0.602734375 0.31805555555555554 0.0640625 0.07222222222222222
2 0.77109375 0.11458333333333333 0.1015625 0.0763888888888889
2 0.809375 0.5840277777777778 0.10625 0.06944444444444445
2 0.450390625 0.6972222222222222 0.0578125 0.09166666666666666
2 0.911328125 0.23680555555555555 0.17578125 0.20416666666666666
0 0.290625 0.5875 0.0734375 0.05694444444444444
0 0.321875 0.6743055555555556 0.065625 0.09027777777777778
0 0.173828125 0.4263888888888889 0.07265625 0.043055555555555555
0 0.083203125 0.11666666666666667 0.03046875 0.02638888888888889
0 0.425390625 0.26458333333333334 0.0578125 0.05
1 0.6421875 0.10347222222222222 0.7140625 0.20694444444444443
0 0.51328125 0.2520833333333333 0.02890625 0.020833333333333332
0 0.0828125 0.4201388888888889 0.04296875 0.044444444444444446
0 0.39296875 0.9638888888888889 0.06015625 0.03611111111111111
0 0.6 0.7375 0.07578125 0.10277777777777777
0 0.5296875 0.5909722222222222 0.07734375 0.043055555555555555
0 0.809375 0.5048611111111111 0.10078125 0.05
0 0.60859375 0.5444444444444444 0.13203125 0.06805555555555555
0 0.47734375 0.8375 0.0375 0.044444444444444446
0 0.956640625 0.9361111111111111 0.07421875 0.07083333333333333
0 0.423828125 0.38680555555555557 0.228125 0.12083333333333333
