0 0.919140625 0.5513888888888889 0.0203125 0.03611111111111111
0 0.638671875 0.4361111111111111 0.08359375 0.022222222222222223
0 0.18515625 0.6416666666666667 0.05390625 0.04861111111111111
0 0.947265625 0.5583333333333333 0.03125 0.027777777777777776
0 0.859375 0.41041666666666665 0.02734375 0.0125
0 0.898828125 0.49583333333333335 0.021875 0.02638888888888889
0 0.255078125 0.5833333333333334 0.0359375 0.05
0 0.072265625 0.725 0.05078125 0.04722222222222222
0 0.918359375 0.41388888888888886 0.01953125 0.022222222222222223
0 0.261328125 0.6840277777777778 0.0390625 0.03611111111111111
0 0.065234375 0.9680555555555556 0.04140625 0.0375
0 0.078125 0.5486111111111112 0.025 0.027777777777777776
1 0.499609375 0.19722222222222222 0.99921875 0.39166666666666666
0 0.141015625 0.5729166666666666 0.02109375 0.022222222222222223
0 0.53984375 0.4597222222222222 0.0171875 0.018055555555555554
0 0.037890625 0.5756944444444444 0.01796875 0.018055555555555554
0 0.51796875 0.8 0.07734375 0.07083333333333333
0 0.46796875 0.5118055555555555 0.0375 0.025
0 0.44453125 0.49444444444444446 0.0359375 0.030555555555555555
