0 0.07890625 0.8923611111111112 0.1015625 0.02361111111111111
0 0.553125 0.7763888888888889 0.06953125 0.04583333333333333
0 0.07109375 0.37083333333333335 0.1046875 0.08333333333333333
0 0.20859375 0.7631944444444444 0.08828125 0.0625
0 0.49453125 0.9138888888888889 0.1609375 0.09027777777777778
2 0.650390625 0.95 0.1734375 0.09166666666666666
0 0.54609375 0.4847222222222222 0.06640625 0.058333333333333334
0 0.098828125 0.6784722222222223 0.19609375 0.10972222222222222
0 0.01796875 0.41180555555555554 0.034375 0.05694444444444444
0 0.382421875 0.8826388888888889 0.05 0.0375
0 0.058984375 0.48055555555555557 0.11015625 0.05
0 0.57109375 0.9270833333333334 0.08515625 0.06388888888888888
0 0.463671875 0.44930555555555557 0.0234375 0.04027777777777778
0 0.346484375 0.4986111111111111 0.0453125 0.05555555555555555
