0 0.50234375 0.5763888888888888 0.04765625 0.044444444444444446
0 0.801953125 0.6861111111111111 0.15 0.05
2 0.128125 0.23680555555555555 0.02109375 0.04722222222222222
0 0.337890625 0.8173611111111111 0.07421875 0.0625
0 0.5828125 0.4930555555555556 0.02578125 0.011111111111111112
0 0.898046875 0.7305555555555555 0.115625 0.12916666666666668
0 0.30390625 0.6131944444444445 0.0390625 0.04583333333333333
0 0.465625 0.7347222222222223 0.15546875 0.08472222222222223
1 0.499609375 0.3277777777777778 0.99921875 0.6555555555555556
0 0.61640625 0.5256944444444445 0.05078125 0.0375
