0 0.126171875 0.8631944444444445 0.025 0.029166666666666667
0 0.216796875 0.6840277777777778 0.1390625 0.08055555555555556
0 0.470703125 0.33541666666666664 0.03046875 0.03888888888888889
0 0.248046875 0.8284722222222223 0.06015625 0.03194444444444444
0 0.009375 0.9416666666666667 0.00859375 0.015277777777777777
0 0.244921875 0.14444444444444443 0.02890625 0.07222222222222222
0 0.49296875 0.7854166666666667 0.11875 0.015277777777777777
2 0.58671875 0.8513888888888889 0.1359375 0.10694444444444444
2 0.61484375 0.7479166666666667 0.26171875 0.09722222222222222
2 0.93515625 0.7618055555555555 0.10546875 0.1597222222222222
0 0.041015625 0.8555555555555555 0.028125 0.03333333333333333
0 0.974609375 0.17083333333333334 0.04921875 0.08888888888888889
0 0.969140625 0.3388888888888889 0.06015625 0.03888888888888889
0 0.90703125 0.16527777777777777 0.04765625 0.06527777777777778
1 0.520703125 0.9305555555555556 0.95703125 0.1361111111111111
0 0.19921875 0.8368055555555556 0.01640625 0.015277777777777777
0 0.816796875 0.4909722222222222 0.01640625 0.022222222222222223
0 0.298828125 0.8159722222222222 0.0390625 0.011111111111111112
0 0.784375 0.34375 0.29609375 0.2388888888888889
