0 0.4890625 0.8527777777777777 0.025 0.05
0 0.033203125 0.7506944444444444 0.0453125 0.04583333333333333
0 0.527734375 0.30069444444444443 0.07578125 0.022222222222222223
0 0.64140625 0.44722222222222224 0.07890625 0.059722222222222225
0 0.2578125 0.95625 0.0625 0.04722222222222222
0 0.03515625 0.5111111111111111 0.04296875 0.05694444444444444
0 0.515234375 0.7868055555555555 0.09609375 0.03888888888888889
0 0.481640625 0.5722222222222222 0.04453125 0.03611111111111111
0 0.71484375 0.1875 0.053125 0.027777777777777776
0 0.199609375 0.9180555555555555 0.14140625 0.1125
0 0.80390625 0.1909722222222222 0.0296875 0.02638888888888889
0 0.894140625 0.8458333333333333 0.0234375 0.043055555555555555
0 0.589453125 0.5631944444444444 0.07578125 0.075
0 0.52421875 0.9069444444444444 0.0640625 0.07083333333333333
0 0.976171875 0.8090277777777778 0.0453125 0.05416666666666667
0 0.2546875 0.4326388888888889 0.0546875 0.06111111111111111
0 0.715234375 0.13680555555555557 0.0203125 0.027777777777777776
1 0.5 0.14375 0.9984375 0.2875
0 0.778515625 0.775 0.0484375 0.05416666666666667
