0 0.782421875 0.9958333333333333 0.00234375 0.005555555555555556
0 0.713671875 0.9493055555555555 0.13828125 0.09861111111111111
0 0.6390625 0.3888888888888889 0.05234375 0.043055555555555555
0 0.151171875 0.51875 0.08046875 0.05416666666666667
2 0.523828125 0.9527777777777777 0.10546875 0.09166666666666666
2 0.0265625 0.6611111111111111 0.0515625 0.08055555555555556
2 0.519921875 0.4979166666666667 0.0671875 0.029166666666666667
2 0.09375 0.9111111111111111 0.06484375 0.0875
2 0.6421875 0.5652777777777778 0.0484375 0.041666666666666664
2 0.16328125 0.9375 0.1953125 0.11805555555555555
2 0.80859375 0.6958333333333333 0.053125 0.05555555555555555
2 0.451171875 0.7027777777777777 0.03203125 0.06805555555555555
1 0.5 0.18194444444444444 0.9984375 0.3638888888888889
0 0.387890625 0.9305555555555556 0.0484375 0.08194444444444444
0 0.879296875 0.8145833333333333 0.05234375 0.06527777777777778
0 0.312890625 0.8027777777777778 0.078125 0.09722222222222222
0 0.946484375 0.5076388888888889 0.0234375 0.027777777777777776
0 0.757421875 0.4340277777777778 0.16171875 0.07222222222222222
