0 0.7984375 0.31180555555555556 0.02421875 0.027777777777777776
0 0.38515625 0.5104166666666666 0.04375 0.02638888888888889
0 0.249609375 0.43680555555555556 0.02578125 0.027777777777777776
0 0.706640625 0.6083333333333333 0.05 0.022222222222222223
0 0.612890625 0.24791666666666667 0.1171875 0.1125
0 0.915234375 0.4465277777777778 0.01796875 0.019444444444444445
2 0.2703125 0.4576388888888889 0.0234375 0.019444444444444445
2 0.208984375 0.4597222222222222 0.02578125 0.03611111111111111
0 0.431640625 0.41180555555555554 0.02578125 0.044444444444444446
0 0.625390625 0.5166666666666667 0.04375 0.044444444444444446
0 0.138671875 0.39444444444444443 0.046875 0.0375
0 0.071484375 0.4076388888888889 0.03828125 0.02361111111111111
0 0.4796875 0.041666666666666664 0.0359375 0.043055555555555555
1 0.5 0.7486111111111111 0.9984375 0.5027777777777778
0 0.926953125 0.5111111111111111 0.02109375 0.025
0 0.239453125 0.4798611111111111 0.03515625 0.013888888888888888
0 0.90234375 0.625 0.0171875 0.018055555555555554
0 0.10390625 0.3993055555555556 0.0328125 0.02638888888888889
0 0.307421875 0.36041666666666666 0.02265625 0.022222222222222223
0 0.45703125 0.3597222222222222 0.02578125 0.027777777777777776
0 0.3546875 0.3736111111111111 0.01796875 0.027777777777777776
0 0.753125 0.4909722222222222 0.021875 0.02361111111111111
