0 0.5421875 0.5819444444444445 0.0765625 0.02638888888888889
0 0.4265625 0.4465277777777778 0.06953125 0.06111111111111111
0 0.0671875 0.12708333333333333 0.06328125 0.059722222222222225
0 0.15625 0.08402777777777778 0.01953125 0.04027777777777778
0 0.27265625 0.6090277777777777 0.021875 0.025
1 0.5 0.8152777777777778 1 0.36666666666666664
0 0.48515625 0.32569444444444445 0.06171875 0.0625
0 0.8234375 0.41458333333333336 0.0515625 0.058333333333333334
0 0.054296875 0.6138888888888889 0.02734375 0.020833333333333332
0 0.281640625 0.1388888888888889 0.040625 0.04583333333333333
0 0.587109375 0.30486111111111114 0.04140625 0.03333333333333333
