0 0.491015625 0.5027777777777778 0.03828125 0.04722222222222222
0 0.56640625 0.78125 0.03515625 0.03333333333333333
0 0.2734375 0.7034722222222223 0.09765625 0.08472222222222223
0 0.327734375 0.5326388888888889 0.0421875 0.04583333333333333
0 0.319921875 0.3611111111111111 0.0203125 0.03611111111111111
0 0.637109375 0.7902777777777777 0.0453125 0.027777777777777776
0 0.484375 0.7256944444444444 0.046875 0.09166666666666666
0 0.51171875 0.2777777777777778 0.02421875 0.043055555555555555
0 0.33046875 0.3034722222222222 0.0234375 0.0375
0 0.70859375 0.18819444444444444 0.01953125 0.041666666666666664
0 0.683203125 0.7527777777777778 0.03671875 0.029166666666666667
0 0.1453125 0.65625 0.11484375 0.02361111111111111
0 0.8390625 0.6020833333333333 0.08515625 0.07361111111111111
0 0.4375 0.6354166666666666 0.0203125 0.03194444444444444
0 0.201171875 0.2847222222222222 0.06953125 0.030555555555555555
1 0.319140625 0.9326388888888889 0.63828125 0.13194444444444445
0 0.95 0.3159722222222222 0.0703125 0.041666666666666664
0 0.72109375 0.7826388888888889 0.04375 0.02638888888888889
