0 0.09453125 0.7166666666666667 0.178125 0.19722222222222222
0 0.166015625 0.022222222222222223 0.03359375 0.04027777777777778
0 0.096875 0.18680555555555556 0.03515625 0.03611111111111111
0 0.208984375 0.8215277777777777 0.034375 0.1125
0 0.7859375 0.30833333333333335 0.07421875 0.05555555555555555
0 0.21171875 0.40694444444444444 0.1171875 0.08611111111111111
1 0.5 0.6770833333333334 1 0.6430555555555556
0 0.280859375 0.5006944444444444 0.040625 0.05138888888888889
0 0.117578125 0.43472222222222223 0.03828125 0.02638888888888889
0 0.3484375 0.49027777777777776 0.09921875 0.03888888888888889
0 0.169921875 0.63125 0.06640625 0.06388888888888888
0 0.328125 0.7229166666666667 0.06796875 0.058333333333333334
