0 0.3796875 0.5833333333333334 0.02421875 0.029166666666666667
0 0.0109375 0.19722222222222222 0.01953125 0.09583333333333334
0 0.23125 0.20069444444444445 0.01796875 0.016666666666666666
0 0.466796875 0.5930555555555556 0.06796875 0.02638888888888889
0 0.416796875 0.14583333333333334 0.08203125 0.06944444444444445
0 0.753125 0.5930555555555556 0.0546875 0.03888888888888889
1 0.5 0.825 0.9984375 0.3472222222222222
0 0.25 0.6375 0.03515625 0.022222222222222223
0 0.812890625 0.49236111111111114 0.053125 0.044444444444444446
0 0.794921875 0.5305555555555556 0.0265625 0.027777777777777776
0 0.463671875 0.38472222222222224 0.0328125 0.04722222222222222
0 0.218359375 0.08958333333333333 0.03125 0.043055555555555555
0 0.043359375 0.6111111111111112 0.01875 0.02361111111111111
0 0.87265625 0.4756944444444444 0.0609375 0.029166666666666667
0 0.971875 0.3194444444444444 0.03515625 0.05277777777777778
0 0.169140625 0.04583333333333333 0.18046875 0.08888888888888889
