0 0.318359375 0.7090277777777778 0.0640625 0.07361111111111111
0 0.358203125 0.8138888888888889 0.11328125 0.06666666666666667
0 0.808203125 0.6819444444444445 0.14609375 0.05694444444444444
0 0.50234375 0.5881944444444445 0.0421875 0.025
2 0.1203125 0.22777777777777777 0.0140625 0.05555555555555555
0 0.907421875 0.7430555555555556 0.1203125 0.13055555555555556
0 0.619921875 0.5243055555555556 0.0453125 0.0375
1 0.499609375 0.3173611111111111 0.99921875 0.6347222222222222
0 0.29453125 0.6173611111111111 0.0578125 0.05277777777777778
0 0.58515625 0.49236111111111114 0.03359375 0.02638888888888889
