0 0.17734375 0.3993055555555556 0.10234375 0.05277777777777778
0 0.315234375 0.36666666666666664 0.11171875 0.034722222222222224
0 0.41015625 0.8666666666666667 0.028125 0.06111111111111111
0 0.4359375 0.7465277777777778 0.02421875 0.04027777777777778
0 0.428125 0.9708333333333333 0.0328125 0.05555555555555555
0 0.398828125 0.5916666666666667 0.04375 0.07916666666666666
0 0.318359375 0.3090277777777778 0.05234375 0.029166666666666667
0 0.55390625 0.33541666666666664 0.03828125 0.075
0 0.718359375 0.22916666666666666 0.04765625 0.0375
0 0.590625 0.6361111111111111 0.046875 0.05138888888888889
0 0.267578125 0.9895833333333334 0.07578125 0.018055555555555554
0 0.5125 0.44513888888888886 0.028125 0.041666666666666664
0 0.63671875 0.2361111111111111 0.0453125 0.03888888888888889
1 0.184765625 0.04791666666666667 0.36953125 0.09583333333333334
0 0.454296875 0.3013888888888889 0.03359375 0.020833333333333332
0 0.77265625 0.27708333333333335 0.03203125 0.025
0 0.971875 0.5131944444444444 0.0546875 0.07361111111111111
0 0.80625 0.2423611111111111 0.0578125 0.02361111111111111
