0 0.605859375 0.09722222222222222 0.05 0.1
0 0.677734375 0.03263888888888889 0.14921875 0.04027777777777778
0 0.788671875 0.18472222222222223 0.42109375 0.3611111111111111
2 0.376171875 0.5881944444444445 0.31328125 0.2902777777777778
0 0.336328125 0.09027777777777778 0.10078125 0.08888888888888889
0 0.059375 0.06111111111111111 0.1125 0.1125
0 0.7765625 0.4826388888888889 0.06953125 0.05138888888888889
0 0.108984375 0.6506944444444445 0.0296875 0.05416666666666667
1 0.5 0.8611111111111112 0.9984375 0.275
0 0.408203125 0.18819444444444444 0.078125 0.06666666666666667
0 0.159375 0.2263888888888889 0.03671875 0.043055555555555555
0 0.5015625 0.0798611111111111 0.04453125 0.06944444444444445
0 0.4015625 0.2951388888888889 0.0796875 0.14722222222222223
0 0.188671875 0.38680555555555557 0.0328125 0.06388888888888888
0 0.02734375 0.20208333333333334 0.04375 0.06805555555555555
0 0.31875 0.4201388888888889 0.06328125 0.07083333333333333
0 0.785546875 0.38055555555555554 0.04140625 0.06388888888888888
0 0.3734375 0.1597222222222222 0.06796875 0.08194444444444444
0 0.726171875 0.6763888888888889 0.15546875 0.08472222222222223
