0 0.217578125 0.9958333333333333 0.00234375 0.005555555555555556
0 0.286328125 0.9493055555555555 0.13828125 0.09861111111111111
0 0.3609375 0.3888888888888889 0.05234375 0.043055555555555555
0 0.848828125 0.51875 0.08046875 0.05416666666666667
2 0.476171875 0.9527777777777777 0.10546875 0.09166666666666666
2 0.9734375 0.6611111111111111 0.0515625 0.08055555555555556
2 0.480078125 0.4979166666666667 0.0671875 0.029166666666666667
2 0.90625 0.9111111111111111 0.06484375 0.0875
2 0.3578125 0.5652777777777778 0.0484375 0.041666666666666664
2 0.83671875 0.9375 0.1953125 0.11805555555555555
2 0.19140625 0.6958333333333333 0.053125 0.05555555555555555
2 0.548828125 0.7027777777777777 0.03203125 0.06805555555555555
1 0.499609375 0.18125 0.99921875 0.3625
0 0.612109375 0.9305555555555556 0.0484375 0.08194444444444444
0 0.120703125 0.8145833333333333 0.05234375 0.06527777777777778
0 0.687109375 0.8027777777777778 0.078125 0.09722222222222222
0 0.053515625 0.5076388888888889 0.0234375 0.027777777777777776
0 0.242578125 0.4340277777777778 0.16171875 0.07222222222222222
