0 0.258203125 0.6180555555555556 0.09609375 0.03888888888888889
0 0.041796875 0.6493055555555556 0.03046875 0.043055555555555555
0 0.471484375 0.5833333333333334 0.11171875 0.015277777777777777
0 0.008203125 0.7284722222222222 0.009375 0.011111111111111112
0 0.21015625 0.49444444444444446 0.1234375 0.07083333333333333
0 0.263671875 0.034722222222222224 0.03515625 0.04861111111111111
0 0.45234375 0.18819444444444444 0.03125 0.03888888888888889
2 0.578515625 0.5381944444444444 0.24453125 0.09861111111111111
2 0.56328125 0.6354166666666666 0.1234375 0.07916666666666666
2 0.878125 0.5583333333333333 0.08984375 0.12777777777777777
0 0.686328125 0.14652777777777778 0.003125 0.002777777777777778
0 0.6828125 0.12708333333333333 0.0328125 0.044444444444444446
0 0.8859375 0.06111111111111111 0.05078125 0.06527777777777778
0 0.830859375 0.05416666666666667 0.03828125 0.04722222222222222
0 0.909765625 0.1798611111111111 0.09453125 0.08055555555555556
0 0.6328125 0.26180555555555557 0.04140625 0.05416666666666667
1 0.5 0.8298611111111112 0.9984375 0.3375
0 0.196484375 0.6256944444444444 0.01640625 0.0125
0 0.763671875 0.19930555555555557 0.18046875 0.17916666666666667
