0 0.080859375 0.4486111111111111 0.0203125 0.03611111111111111
0 0.361328125 0.5638888888888889 0.08359375 0.022222222222222223
0 0.81484375 0.35833333333333334 0.05390625 0.04861111111111111
0 0.052734375 0.44166666666666665 0.03125 0.027777777777777776
0 0.140625 0.5895833333333333 0.02734375 0.0125
0 0.101171875 0.5041666666666667 0.021875 0.02638888888888889
0 0.744921875 0.4166666666666667 0.0359375 0.05
0 0.927734375 0.275 0.05078125 0.04722222222222222
0 0.081640625 0.5861111111111111 0.01953125 0.022222222222222223
0 0.738671875 0.3159722222222222 0.0390625 0.03611111111111111
0 0.934765625 0.03194444444444444 0.04140625 0.0375
0 0.921875 0.4513888888888889 0.025 0.027777777777777776
1 0.499609375 0.8027777777777778 0.99921875 0.3902777777777778
0 0.858984375 0.4270833333333333 0.02109375 0.022222222222222223
0 0.46015625 0.5402777777777777 0.0171875 0.018055555555555554
0 0.962109375 0.42430555555555555 0.01796875 0.018055555555555554
0 0.48203125 0.2 0.07734375 0.07083333333333333
0 0.53203125 0.48819444444444443 0.0375 0.025
0 0.55546875 0.5055555555555555 0.0359375 0.030555555555555555
