0 0.090625 0.47291666666666665 0.0375 0.013888888888888888
0 0.65546875 0.39305555555555555 0.0546875 0.0375
0 0.644921875 0.5923611111111111 0.09453125 0.07777777777777778
0 0.49140625 0.3951388888888889 0.0390625 0.02638888888888889
0 0.402734375 0.4 0.03515625 0.015277777777777777
2 0.24921875 0.9618055555555556 0.0640625 0.07083333333333333
0 0.357421875 0.8986111111111111 0.05390625 0.05
1 0.5 0.21805555555555556 0.9984375 0.4361111111111111
0 0.47890625 0.5152777777777777 0.01953125 0.02638888888888889
0 0.8328125 0.35694444444444445 0.0234375 0.013888888888888888
0 0.255859375 0.41597222222222224 0.04375 0.019444444444444445
0 0.511328125 0.7513888888888889 0.03046875 0.03888888888888889
0 0.92421875 0.3159722222222222 0.01484375 0.008333333333333333
0 0.953125 0.4013888888888889 0.0203125 0.020833333333333332
0 0.37578125 0.5034722222222222 0.0203125 0.019444444444444445
