0 0.442578125 0.4409722222222222 0.05390625 0.02638888888888889
0 0.24296875 0.31805555555555554 0.028125 0.041666666666666664
0 0.74140625 0.325 0.0234375 0.041666666666666664
0 0.7640625 0.6638888888888889 0.07890625 0.03888888888888889
0 0.134375 0.30486111111111114 0.021875 0.03333333333333333
0 0.44296875 0.15416666666666667 0.0796875 0.013888888888888888
0 0.6625 0.5763888888888888 0.0515625 0.025
0 0.853125 0.7840277777777778 0.2921875 0.39861111111111114
2 0.39140625 0.4444444444444444 0.01796875 0.02638888888888889
2 0.376171875 0.5493055555555556 0.0171875 0.020833333333333332
2 0.14375 0.4152777777777778 0.02109375 0.029166666666666667
0 0.40859375 0.22152777777777777 0.03671875 0.041666666666666664
0 0.708984375 0.20694444444444443 0.03828125 0.03611111111111111
0 0.17421875 0.16111111111111112 0.04375 0.04583333333333333
0 0.8109375 0.5236111111111111 0.03203125 0.03194444444444444
0 0.8421875 0.6652777777777777 0.040625 0.06111111111111111
0 0.485546875 0.41458333333333336 0.01875 0.03888888888888889
0 0.03828125 0.5229166666666667 0.02734375 0.02638888888888889
0 0.5453125 0.3416666666666667 0.04765625 0.044444444444444446
0 0.201953125 0.4930555555555556 0.01640625 0.020833333333333332
1 0.5 0.8138888888888889 0.9984375 0.36666666666666664
0 0.309375 0.3645833333333333 0.02421875 0.02638888888888889
0 0.53984375 0.24930555555555556 0.065625 0.04861111111111111
