0 0.634765625 0.4076388888888889 0.28203125 0.22916666666666666
0 0.855078125 0.19444444444444445 0.04296875 0.07083333333333333
0 0.78125 0.17916666666666667 0.0609375 0.075
2 0.32734375 0.7902777777777777 0.12421875 0.10416666666666667
0 0.094921875 0.32222222222222224 0.1578125 0.18611111111111112
1 0.5 0.8333333333333334 0.9984375 0.33055555555555555
0 0.3640625 0.4354166666666667 0.07734375 0.08333333333333333
0 0.76484375 0.027777777777777776 0.0578125 0.05277777777777778
0 0.342578125 0.2923611111111111 0.68359375 0.5819444444444445
0 0.963671875 0.13958333333333334 0.06953125 0.044444444444444446
0 0.33828125 0.32013888888888886 0.04921875 0.07361111111111111
0 0.36171875 0.050694444444444445 0.084375 0.0763888888888889
0 0.92421875 0.059722222222222225 0.0765625 0.06805555555555555
0 0.662109375 0.70625 0.1265625 0.06388888888888888
0 0.796484375 0.4388888888888889 0.09609375 0.12916666666666668
