0 0.33984375 0.6201388888888889 0.0421875 0.04583333333333333
0 0.252734375 0.6993055555555555 0.03984375 0.03333333333333333
0 0.426171875 0.7034722222222223 0.02421875 0.02361111111111111
0 0.673046875 0.08194444444444444 0.06796875 0.125
0 0.375390625 0.5 0.02734375 0.03194444444444444
0 0.70078125 0.5375 0.065625 0.075
0 0.305078125 0.8555555555555555 0.03125 0.025
0 0.240625 0.6340277777777777 0.04375 0.04722222222222222
0 0.439453125 0.5166666666666667 0.06171875 0.17083333333333334
0 0.3546875 0.7930555555555555 0.02421875 0.016666666666666666
0 0.401171875 0.7458333333333333 0.02421875 0.030555555555555555
0 0.725390625 0.43472222222222223 0.1375 0.08194444444444444
0 0.808203125 0.8361111111111111 0.01875 0.013888888888888888
0 0.50859375 0.3347222222222222 0.04375 0.059722222222222225
0 0.973828125 0.37083333333333335 0.03984375 0.03888888888888889
0 0.03359375 0.8777777777777778 0.01953125 0.03194444444444444
0 0.734765625 0.8215277777777777 0.015625 0.02361111111111111
1 0.499609375 0.9270833333333334 0.99921875 0.14305555555555555
0 0.2015625 0.8284722222222223 0.03359375 0.02361111111111111
0 0.287109375 0.61875 0.03671875 0.029166666666666667
0 0.1640625 0.7736111111111111 0.0296875 0.013888888888888888
0 0.210546875 0.7236111111111111 0.0109375 0.02361111111111111
0 0.302734375 0.9270833333333334 0.0390625 0.020833333333333332
0 0.42890625 0.8923611111111112 0.0375 0.03888888888888889
0 0.55 0.5333333333333333 0.04140625 0.03333333333333333
0 0.875390625 0.41180555555555554 0.1203125 0.05277777777777778
