0 0.460546875 0.5895833333333333 0.13359375 0.09027777777777778
0 0.409375 0.14930555555555555 0.090625 0.07916666666666666
0 0.176953125 0.5625 0.190625 0.20277777777777778
0 0.070703125 0.18958333333333333 0.12890625 0.03333333333333333
0 0.69140625 0.027083333333333334 0.0515625 0.04861111111111111
2 0.745703125 0.6958333333333333 0.19453125 0.12777777777777777
2 0.86796875 0.6034722222222222 0.1953125 0.1388888888888889
0 0.17890625 0.1840277777777778 0.10625 0.16944444444444445
0 0.180859375 0.35625 0.04296875 0.04861111111111111
0 0.361328125 0.20069444444444445 0.0296875 0.03888888888888889
0 0.9171875 0.11944444444444445 0.05234375 0.08611111111111111
0 0.860546875 0.3263888888888889 0.0453125 0.08055555555555556
0 0.97109375 0.06944444444444445 0.05 0.11805555555555555
1 0.5 0.8409722222222222 1 0.31527777777777777
0 0.785546875 0.027777777777777776 0.06015625 0.05277777777777778
0 0.69609375 0.25763888888888886 0.0703125 0.07916666666666666
0 0.713671875 0.19236111111111112 0.0375 0.04583333333333333
0 0.725 0.5256944444444445 0.0421875 0.05555555555555555
0 0.622265625 0.4 0.08203125 0.05694444444444444
0 0.875390625 0.2534722222222222 0.0484375 0.04583333333333333
0 0.328125 0.2986111111111111 0.0765625 0.07916666666666666
0 0.592578125 0.027777777777777776 0.05703125 0.05277777777777778
0 0.370703125 0.6263888888888889 0.03671875 0.02638888888888889
0 0.206640625 0.03194444444444444 0.08515625 0.06111111111111111
0 0.95390625 0.53125 0.0796875 0.10416666666666667
0 0.3125 0.39861111111111114 0.07109375 0.11527777777777778
0 0.859765625 0.04791666666666667 0.0921875 0.06805555555555555
0 0.6203125 0.45902777777777776 0.078125 0.034722222222222224
0 0.8640625 0.13402777777777777 0.04296875 0.08472222222222223
0 0.483984375 0.41875 0.0578125 0.041666666666666664
0 0.844140625 0.3541666666666667 0.0984375 0.12222222222222222
0 0.4015625 0.39305555555555555 0.084375 0.10416666666666667
0 0.502734375 0.04097222222222222 0.053125 0.059722222222222225
0 0.4578125 0.2861111111111111 0.05859375 0.08333333333333333
0 0.048046875 0.4173611111111111 0.028125 0.05694444444444444
0 0.294921875 0.5229166666666667 0.21796875 0.10833333333333334
0 0.973046875 0.6645833333333333 0.05078125 0.04583333333333333
