0 0.209765625 0.5201388888888889 0.10859375 0.0763888888888889
2 0.080078125 0.16944444444444445 0.06484375 0.07083333333333333
2 0.075 0.4222222222222222 0.11640625 0.08055555555555556
0 0.398046875 0.4125 0.03125 0.03888888888888889
0 0.548828125 0.2902777777777778 0.071875 0.0375
0 0.411328125 0.23055555555555557 0.075 0.05
0 0.323828125 0.29930555555555555 0.0203125 0.06666666666666667
1 0.5 0.7951388888888888 1 0.40694444444444444
0 0.966796875 0.12569444444444444 0.0625 0.09166666666666666
0 0.88671875 0.14166666666666666 0.08515625 0.07361111111111111
0 0.227734375 0.6979166666666666 0.03984375 0.04027777777777778
0 0.2609375 0.46111111111111114 0.0328125 0.027777777777777776
