0 0.294140625 0.2611111111111111 0.07890625 0.1125
0 0.612890625 0.21041666666666667 0.0828125 0.2611111111111111
0 0.08203125 0.05347222222222222 0.15234375 0.0763888888888889
0 0.265625 0.10833333333333334 0.171875 0.10277777777777777
0 0.9453125 0.40625 0.0390625 0.03194444444444444
0 0.71640625 0.36875 0.05859375 0.06666666666666667
1 0.499609375 0.8395833333333333 0.99921875 0.31805555555555554
0 0.813671875 0.38472222222222224 0.06796875 0.06944444444444445
0 0.687109375 0.1840277777777778 0.03046875 0.05138888888888889
0 0.4703125 0.24583333333333332 0.053125 0.03888888888888889
0 0.9046875 0.27708333333333335 0.04609375 0.059722222222222225
0 0.939453125 0.35625 0.08125 0.058333333333333334
