0 0.275 0.11944444444444445 0.0625 0.09166666666666666
0 0.16328125 0.7576388888888889 0.0328125 0.029166666666666667
0 0.921875 0.4909722222222222 0.08359375 0.043055555555555555
0 0.338671875 0.26875 0.05390625 0.05555555555555555
0 0.512109375 0.51875 0.03125 0.059722222222222225
0 0.6953125 0.40347222222222223 0.60390625 0.3972222222222222
0 0.12890625 0.2826388888888889 0.17421875 0.2777777777777778
0 0.443359375 0.20555555555555555 0.07109375 0.0625
2 0.121484375 0.5111111111111111 0.19296875 0.27361111111111114
2 0.25234375 0.5152777777777777 0.06484375 0.06805555555555555
2 0.325 0.3993055555555556 0.1046875 0.09583333333333334
0 0.41640625 0.5305555555555556 0.06328125 0.07916666666666666
0 0.59296875 0.3416666666666667 0.084375 0.04722222222222222
0 0.651171875 0.8069444444444445 0.03515625 0.03333333333333333
0 0.253515625 0.05625 0.08828125 0.05138888888888889
0 0.301171875 0.04583333333333333 0.13046875 0.08888888888888889
1 0.5 0.8430555555555556 0.9984375 0.3111111111111111
0 0.37734375 0.48333333333333334 0.04609375 0.041666666666666664
0 0.659375 0.4 0.0796875 0.06805555555555555
0 0.955078125 0.6006944444444444 0.03125 0.03194444444444444
0 0.427734375 0.3527777777777778 0.05859375 0.041666666666666664
0 0.624609375 0.17152777777777778 0.55234375 0.3347222222222222
