0 0.609765625 0.8618055555555556 0.10703125 0.0375
0 0.317578125 0.5833333333333334 0.06640625 0.05138888888888889
0 0.558984375 0.8145833333333333 0.0421875 0.0875
0 0.725390625 0.7909722222222222 0.39921875 0.3625
0 0.718359375 0.53125 0.0921875 0.05694444444444444
2 0.3390625 0.2923611111111111 0.196875 0.15833333333333333
0 0.0671875 0.8833333333333333 0.121875 0.2222222222222222
0 0.2 0.5944444444444444 0.03125 0.0375
0 0.672265625 0.6229166666666667 0.08828125 0.06666666666666667
0 0.66640625 0.42430555555555555 0.04296875 0.05277777777777778
0 0.227734375 0.7652777777777777 0.07890625 0.09027777777777778
0 0.126171875 0.38472222222222224 0.028125 0.03194444444444444
1 0.5 0.18472222222222223 0.9984375 0.36944444444444446
0 0.379296875 0.7347222222222223 0.0890625 0.1486111111111111
0 0.90546875 0.6520833333333333 0.0546875 0.04583333333333333
0 0.353515625 0.9416666666666667 0.07890625 0.08055555555555556
0 0.45546875 0.8631944444444445 0.06328125 0.1486111111111111
0 0.051953125 0.7229166666666667 0.05859375 0.06805555555555555
0 0.16640625 0.9305555555555556 0.2046875 0.12222222222222222
0 0.578515625 0.9006944444444445 0.22109375 0.19583333333333333
0 0.3703125 0.6381944444444444 0.0328125 0.05277777777777778
0 0.165234375 0.7611111111111111 0.32890625 0.43333333333333335
0 0.33828125 0.7798611111111111 0.1984375 0.3402777777777778
0 0.72890625 0.6083333333333333 0.03671875 0.05
0 0.483203125 0.6833333333333333 0.13515625 0.20416666666666666
0 0.189453125 0.7236111111111111 0.028125 0.03611111111111111
0 0.69140625 0.36041666666666666 0.15234375 0.09583333333333334
