0 0.246875 0.4479166666666667 0.028125 0.02361111111111111
0 0.27265625 0.4638888888888889 0.0265625 0.016666666666666666
0 0.8 0.3159722222222222 0.0171875 0.015277777777777777
0 0.0953125 0.4847222222222222 0.0328125 0.013888888888888888
0 0.711328125 0.6138888888888889 0.046875 0.015277777777777777
0 0.07109375 0.41875 0.0390625 0.015277777777777777
0 0.4734375 0.5222222222222223 0.04375 0.03333333333333333
0 0.615625 0.2611111111111111 0.09921875 0.07916666666666666
0 0.385546875 0.5145833333333333 0.04296875 0.020833333333333332
1 0.5 0.7354166666666667 0.9984375 0.5263888888888889
0 0.453125 0.3638888888888889 0.0203125 0.025
0 0.3046875 0.36875 0.0203125 0.018055555555555554
0 0.237890625 0.49722222222222223 0.04296875 0.022222222222222223
0 0.630859375 0.5326388888888889 0.0375 0.029166666666666667
0 0.93203125 0.5145833333333333 0.015625 0.018055555555555554
0 0.35546875 0.3798611111111111 0.02421875 0.02361111111111111
0 0.477734375 0.049305555555555554 0.03359375 0.043055555555555555
0 0.102734375 0.4131944444444444 0.03828125 0.02638888888888889
0 0.43125 0.4173611111111111 0.0234375 0.02361111111111111
0 0.75625 0.5006944444444444 0.021875 0.0125
