0 0.2015625 0.31180555555555556 0.02421875 0.027777777777777776
0 0.61484375 0.5104166666666666 0.04375 0.02638888888888889
0 0.750390625 0.43680555555555556 0.02578125 0.027777777777777776
0 0.293359375 0.6083333333333333 0.05 0.022222222222222223
0 0.387109375 0.24791666666666667 0.1171875 0.1125
0 0.084765625 0.4465277777777778 0.01796875 0.019444444444444445
2 0.7296875 0.4576388888888889 0.0234375 0.019444444444444445
2 0.791015625 0.4597222222222222 0.02578125 0.03611111111111111
0 0.568359375 0.41180555555555554 0.02578125 0.044444444444444446
0 0.374609375 0.5166666666666667 0.04375 0.044444444444444446
0 0.861328125 0.39444444444444443 0.046875 0.0375
0 0.928515625 0.4076388888888889 0.03828125 0.02361111111111111
0 0.5203125 0.041666666666666664 0.0359375 0.043055555555555555
1 0.499609375 0.7479166666666667 0.99921875 0.5013888888888889
0 0.073046875 0.5111111111111111 0.02109375 0.025
0 0.760546875 0.4798611111111111 0.03515625 0.013888888888888888
0 0.09765625 0.625 0.0171875 0.018055555555555554
0 0.89609375 0.3993055555555556 0.0328125 0.02638888888888889
0 0.692578125 0.36041666666666666 0.02265625 0.022222222222222223
0 0.54296875 0.3597222222222222 0.02578125 0.027777777777777776
0 0.6453125 0.3736111111111111 0.01796875 0.027777777777777776
0 0.246875 0.4909722222222222 0.021875 0.02361111111111111
