0 0.337109375 0.7083333333333334 0.01640625 0.019444444444444445
0 0.653125 0.42916666666666664 0.04609375 0.13333333333333333
0 0.052734375 0.33402777777777776 0.03515625 0.04861111111111111
0 0.91015625 0.4027777777777778 0.0359375 0.043055555555555555
0 0.129296875 0.48194444444444445 0.06796875 0.05
0 0.979296875 0.6277777777777778 0.0109375 0.018055555555555554
0 0.489453125 0.5506944444444445 0.07109375 0.08333333333333333
0 0.419921875 0.5166666666666667 0.05078125 0.020833333333333332
0 0.81015625 0.1284722222222222 0.05 0.09722222222222222
0 0.442578125 0.47847222222222224 0.0421875 0.0375
0 0.697265625 0.3 0.0234375 0.027777777777777776
0 0.578125 0.5055555555555555 0.03671875 0.03611111111111111
0 0.240625 0.28958333333333336 0.084375 0.09166666666666666
1 0.5 0.8416666666666667 0.9984375 0.3138888888888889
0 0.7578125 0.425 0.0328125 0.020833333333333332
