0 0.881640625 0.425 0.06484375 0.034722222222222224
0 0.84296875 0.9430555555555555 0.0859375 0.059722222222222225
0 0.377734375 0.425 0.159375 0.09027777777777778
0 0.691796875 0.44027777777777777 0.20703125 0.18333333333333332
2 0.305078125 0.3138888888888889 0.53359375 0.23194444444444445
0 0.714453125 0.7118055555555556 0.0515625 0.043055555555555555
0 0.4765625 0.8583333333333333 0.0625 0.10416666666666667
0 0.823828125 0.5354166666666667 0.0625 0.044444444444444446
0 0.0984375 0.9381944444444444 0.078125 0.06944444444444445
0 0.683203125 0.81875 0.11640625 0.14305555555555555
1 0.5 0.13680555555555557 0.9984375 0.27361111111111114
0 0.5203125 0.9673611111111111 0.04296875 0.04583333333333333
0 0.847265625 0.6145833333333334 0.04453125 0.05138888888888889
0 0.7921875 0.8597222222222223 0.046875 0.041666666666666664
0 0.40234375 0.8694444444444445 0.08203125 0.12222222222222222
0 0.9078125 0.5388888888888889 0.0421875 0.044444444444444446
0 0.965625 0.7541666666666667 0.04921875 0.09305555555555556
0 0.188671875 0.7125 0.11484375 0.09583333333333334
0 0.560546875 0.6652777777777777 0.08046875 0.12777777777777777
0 0.55546875 0.5020833333333333 0.26015625 0.12638888888888888
