0 0.055078125 0.4083333333333333 0.03359375 0.043055555555555555
0 0.494921875 0.5166666666666667 0.02265625 0.020833333333333332
0 0.396484375 0.51875 0.04375 0.02638888888888889
0 0.36796875 0.3861111111111111 0.021875 0.030555555555555555
0 0.262890625 0.4548611111111111 0.0234375 0.018055555555555554
0 0.816796875 0.3215277777777778 0.01875 0.02638888888888889
0 0.472265625 0.5194444444444445 0.01953125 0.041666666666666664
0 0.60546875 0.5645833333333333 0.03671875 0.02361111111111111
0 0.63203125 0.2638888888888889 0.1109375 0.08333333333333333
0 0.223046875 0.3701388888888889 0.021875 0.025
0 0.108984375 0.4888888888888889 0.0375 0.019444444444444445
0 0.7515625 0.6034722222222222 0.03125 0.011111111111111112
0 0.72109375 0.6145833333333334 0.04921875 0.019444444444444445
0 0.928515625 0.45208333333333334 0.0203125 0.0125
0 0.496484375 0.06319444444444444 0.0375 0.044444444444444446
0 0.13359375 0.41875 0.078125 0.043055555555555555
0 0.445703125 0.41944444444444445 0.02421875 0.034722222222222224
0 0.770703125 0.5006944444444444 0.02265625 0.027777777777777776
0 0.63828125 0.5354166666666667 0.0390625 0.02361111111111111
1 0.5 0.7590277777777777 0.9984375 0.4791666666666667
0 0.94375 0.5131944444444444 0.01640625 0.02638888888888889
0 0.32109375 0.3784722222222222 0.021875 0.02638888888888889
0 0.469921875 0.37222222222222223 0.02734375 0.034722222222222224
0 0.251171875 0.49930555555555556 0.0390625 0.022222222222222223
0 0.633203125 0.5152777777777777 0.025 0.016666666666666666
