0 0.07109375 0.4583333333333333 0.0671875 0.0375
0 0.234375 0.5416666666666666 0.0859375 0.0625
0 0.97734375 0.93125 0.04375 0.13194444444444445
0 0.368359375 0.5152777777777777 0.1609375 0.08611111111111111
0 0.149609375 0.44027777777777777 0.03984375 0.04722222222222222
0 0.598828125 0.8923611111111112 0.28671875 0.2125
0 0.264453125 0.4666666666666667 0.02421875 0.0375
0 0.286328125 0.4840277777777778 0.03359375 0.027777777777777776
0 0.278515625 0.6902777777777778 0.1546875 0.12083333333333333
0 0.48671875 0.7215277777777778 0.053125 0.06805555555555555
0 0.5671875 0.9069444444444444 0.075 0.1
0 0.405078125 0.69375 0.10078125 0.10138888888888889
0 0.695703125 0.5923611111111111 0.19921875 0.12222222222222222
1 0.5 0.10555555555555556 0.9984375 0.2111111111111111
0 0.970703125 0.42291666666666666 0.05703125 0.034722222222222224
0 0.901171875 0.2659722222222222 0.0375 0.03611111111111111
0 0.238671875 0.7388888888888889 0.0953125 0.07083333333333333
