0 0.63984375 0.7076388888888889 0.07421875 0.02361111111111111
0 0.20859375 0.1951388888888889 0.025 0.06527777777777778
0 0.499609375 0.6583333333333333 0.01171875 0.022222222222222223
0 0.753125 0.5756944444444444 0.06328125 0.04722222222222222
0 0.515234375 0.1701388888888889 0.07265625 0.04861111111111111
0 0.818359375 0.8201388888888889 0.04921875 0.02638888888888889
0 0.548828125 0.6458333333333334 0.02890625 0.025
0 0.039453125 0.2875 0.07734375 0.09722222222222222
0 0.391796875 0.08055555555555556 0.02265625 0.08333333333333333
0 0.90859375 0.8194444444444444 0.0328125 0.02638888888888889
0 0.646875 0.28958333333333336 0.0828125 0.041666666666666664
0 0.812109375 0.8645833333333334 0.03828125 0.030555555555555555
2 0.216015625 0.33611111111111114 0.04921875 0.06666666666666667
2 0.544921875 0.7166666666666667 0.0140625 0.03333333333333333
0 0.92265625 0.7145833333333333 0.06640625 0.03333333333333333
0 0.377734375 0.19236111111111112 0.121875 0.0875
0 0.7109375 0.4722222222222222 0.07265625 0.06666666666666667
0 0.6078125 0.47847222222222224 0.04765625 0.044444444444444446
0 0.39609375 0.5902777777777778 0.04375 0.05
1 0.41953125 0.8729166666666667 0.8375 0.2513888888888889
0 0.88359375 0.28888888888888886 0.0390625 0.034722222222222224
0 0.77578125 0.5027777777777778 0.03125 0.03333333333333333
0 0.65390625 0.47638888888888886 0.0296875 0.025
0 0.947265625 0.8680555555555556 0.01953125 0.020833333333333332
0 0.14453125 0.03819444444444445 0.02265625 0.03333333333333333
0 0.978515625 0.9354166666666667 0.01796875 0.015277777777777777
0 0.6578125 0.19236111111111112 0.04765625 0.03611111111111111
0 0.8890625 0.6847222222222222 0.04140625 0.03611111111111111
0 0.98046875 0.7375 0.0125 0.03194444444444444
0 0.731640625 0.5069444444444444 0.02109375 0.030555555555555555
