0 0.694921875 0.38472222222222224 0.06796875 0.08333333333333333
0 0.046484375 0.021527777777777778 0.03671875 0.04027777777777778
0 0.678125 0.3548611111111111 0.03984375 0.030555555555555555
0 0.93828125 0.5243055555555556 0.121875 0.04027777777777778
2 0.32734375 0.1875 0.07890625 0.15833333333333333
1 0.5 0.8020833333333334 1 0.39305555555555555
0 0.032421875 0.5513888888888889 0.05 0.019444444444444445
0 0.917578125 0.5965277777777778 0.02734375 0.019444444444444445
0 0.700390625 0.5027777777777778 0.0125 0.016666666666666666
0 0.152734375 0.7048611111111112 0.01640625 0.02638888888888889
0 0.0484375 0.6395833333333333 0.01640625 0.02361111111111111
0 0.744140625 0.6027777777777777 0.0125 0.009722222222222222
