0 0.365234375 0.5923611111111111 0.28203125 0.22916666666666666
0 0.144921875 0.8055555555555556 0.04296875 0.07083333333333333
0 0.21875 0.8208333333333333 0.0609375 0.075
2 0.67265625 0.20972222222222223 0.12421875 0.10416666666666667
0 0.905078125 0.6777777777777778 0.1578125 0.18611111111111112
1 0.499609375 0.16597222222222222 0.99921875 0.33194444444444443
0 0.6359375 0.5645833333333333 0.07734375 0.08333333333333333
0 0.23515625 0.9722222222222222 0.0578125 0.05277777777777778
0 0.657421875 0.7076388888888889 0.68359375 0.5819444444444445
0 0.036328125 0.8604166666666667 0.06953125 0.044444444444444446
0 0.66171875 0.6798611111111111 0.04921875 0.07361111111111111
0 0.63828125 0.9493055555555555 0.084375 0.0763888888888889
0 0.07578125 0.9402777777777778 0.0765625 0.06805555555555555
0 0.337890625 0.29375 0.1265625 0.06388888888888888
0 0.203515625 0.5611111111111111 0.09609375 0.12916666666666668
