0 0.30234375 0.22152777777777777 0.0328125 0.043055555555555555
2 0.186328125 0.6159722222222223 0.2765625 0.10555555555555556
2 0.099609375 0.6826388888888889 0.1375 0.09166666666666666
2 0.49921875 0.6652777777777777 0.096875 0.13194444444444445
2 0.96015625 0.6368055555555555 0.078125 0.12083333333333333
0 0.86953125 0.24027777777777778 0.05625 0.05138888888888889
0 0.971875 0.6819444444444445 0.0546875 0.08333333333333333
0 0.691796875 0.6833333333333333 0.075 0.07222222222222222
1 0.5 0.8590277777777777 0.9984375 0.2791666666666667
0 0.80703125 0.3875 0.0546875 0.043055555555555555
0 0.92109375 0.2708333333333333 0.04921875 0.07361111111111111
0 0.5375 0.3972222222222222 0.2296875 0.075
0 0.66484375 0.34444444444444444 0.1921875 0.13194444444444445
0 0.659375 0.25763888888888886 0.06640625 0.0625
