0 0.8734375 0.24791666666666667 0.02109375 0.027777777777777776
0 0.943359375 0.26458333333333334 0.03984375 0.05
0 0.358203125 0.19236111111111112 0.021875 0.06388888888888888
0 0.58984375 0.4909722222222222 0.1296875 0.05555555555555555
0 0.821484375 0.6756944444444445 0.04609375 0.03333333333333333
0 0.19140625 0.30694444444444446 0.01640625 0.041666666666666664
0 0.34765625 0.29305555555555557 0.10546875 0.07222222222222222
0 0.3453125 0.6305555555555555 0.0390625 0.04861111111111111
1 0.5 0.8215277777777777 0.9984375 0.3541666666666667
0 0.785546875 0.31319444444444444 0.03828125 0.02638888888888889
0 0.658203125 0.5111111111111111 0.0140625 0.02638888888888889
0 0.14375 0.17916666666666667 0.0234375 0.022222222222222223
