0 0.50625 0.3125 0.06953125 0.07222222222222222
0 0.2859375 0.42430555555555555 0.16171875 0.09027777777777778
0 0.616796875 0.8097222222222222 0.13515625 0.041666666666666664
0 0.7875 0.22083333333333333 0.040625 0.04583333333333333
0 0.795703125 0.15833333333333333 0.08125 0.05555555555555555
0 0.730078125 0.5138888888888888 0.1640625 0.09583333333333334
0 0.250390625 0.5729166666666666 0.08359375 0.04583333333333333
0 0.38359375 0.5819444444444445 0.1578125 0.03888888888888889
0 0.69765625 0.23194444444444445 0.1015625 0.14722222222222223
0 0.430078125 0.44027777777777777 0.084375 0.08472222222222223
0 0.721875 0.22291666666666668 0.0625 0.08055555555555556
0 0.581640625 0.2722222222222222 0.06484375 0.09305555555555556
0 0.712890625 0.09583333333333334 0.10546875 0.12083333333333333
1 0.5 0.8979166666666667 0.9984375 0.2013888888888889
0 0.232421875 0.4173611111111111 0.0625 0.03611111111111111
0 0.634765625 0.2520833333333333 0.03984375 0.0375
0 0.55078125 0.32083333333333336 0.05 0.08333333333333333
